	100.00000000000004	-1.0	56.930356339236624
	99.54008287621524	-1.0	56.53505417425153
	99.08228099003794	-1.0	56.14251258592444
	98.62658461312826	-1.0	55.75271210723085
	98.17298406188837	-1.0	55.36563341212077
	97.72146969725722	-1.0	54.98125731085684
	97.27203192450544	-1.0	54.59956475279301
	96.82466119303122	-1.0	54.2205368230012
	96.37934799615785	-1.0	53.84415474160281
	95.93608287093146	-1.0	53.47039986455431
	95.49485639791966	-1.0	53.09925367925579
	95.05565920101192	-1.0	52.73069780713996
	94.61848194722003	-1.0	52.364714000462556
	94.18331534647953	-1.0	52.001284141674404
	93.75015015145283	-1.0	51.640390244116034
	93.31897715733241	-1.0	51.28201444788231
	92.889787201645	-1.0	50.92613902223111
	92.46257116405747	-1.0	50.572746362531035
	92.03731996618225	-1.0	50.22181898967138
	91.61402457138516	-1.0	49.87333955067161
	91.19267598459302	-1.0	49.52729081478834
	90.77326525210229	-1.0	49.18365567575449
	90.35578346138927	-1.0	48.84241714887645
	89.9402217409205	-1.0	48.50355837047988
	89.52657125996399	-1.0	48.16706259843967
	89.114823228402	-1.0	47.83291320851642
	88.7049688965441	-1.0	47.501093696435916
	88.29699955494091	-1.0	47.17158767512859
	87.89090653419954	-1.0	46.84437887420847
	87.48668120479914	-1.0	46.519451140430576
	87.08431497690725	-1.0	46.1967884342429
	86.68379930019775	-1.0	45.87637483171594
	86.28512566366896	-1.0	45.55819452191888
	85.88828559546252	-1.0	45.24223180642783
	85.49327066268378	-1.0	44.92847109971689
	85.10007247122249	-1.0	44.61689692591421
	84.70868266557406	-1.0	44.307493920589366
	84.31909292866256	-1.0	44.00024682826029
	83.93129498166368	-1.0	43.695140501929444
	83.54528058382867	-1.0	43.39215990341259
	83.16104153230958	-1.0	43.091290100287885
	82.77856966198478	-1.0	42.7925162675502
	82.39785684528518	-1.0	42.49582368524187
	82.01889499202208	-1.0	42.20119773801493
	81.6416760492147	-1.0	41.9086239154031
	81.26619200091945	-1.0	41.618087808952474
	80.89243486805945	-1.0	41.3295751137507
	80.52039670825478	-1.0	41.04307162617646
	80.15006961565405	-1.0	40.7585632434851
	79.78144572076629	-1.0	40.476035964029016
	79.41451719029341	-1.0	40.19547588455912
	79.04927622696422	-1.0	39.91686920163686
	78.68571506936853	-1.0	39.64020220949699
	78.32382599179198	-1.0	39.3654612996543
	77.96360130405232	-1.0	39.092632961077065
	77.60503335133573	-1.0	38.82170377764983
	77.24811451403403	-1.0	38.55266042947485
	76.8928372075831	-1.0	38.28548969084303
	76.53919388230152	-1.0	38.020178429860685
	76.18717702322996	-1.0	37.75671360857924
	75.83677914997187	-1.0	37.49508228061045
	75.48799281653436	-1.0	37.23527159232451
	75.14081061116968	-1.0	36.977268780923374
	74.7952251562182	-1.0	36.721061174086216
	74.45122910795142	-1.0	36.46663619005982
	74.10881515641569	-1.0	36.213981335416456
	73.7679760252773	-1.0	35.963084206155656
	73.42870447166766	-1.0	35.7139324858754
	73.09099328602912	-1.0	35.46651394543408
	72.75483529196227	-1.0	35.22081644300552
	72.42022334607316	-1.0	34.976827921971584
	72.08715033782137	-1.0	34.734536411933014
	71.7556091893693	-1.0	34.49393002697419
	71.42559285543129	-1.0	34.25499696534051
	71.09709432312434	-1.0	34.01772550946102
	70.77010661181892	-1.0	33.78210402396782
	70.4446227729904	-1.0	33.548120956622185
	70.12063589007181	-1.0	33.31576483666805
	69.79813907830663	-1.0	33.08502427452391
	69.47712548460237	-1.0	32.85588796177578
	69.15758828738522	-1.0	32.628344669316185
	68.83952069645501	-1.0	32.40238324819131
	68.52291595284063	-1.0	32.17799262803835
	68.20776732865684	-1.0	31.955161816791104
	67.89406812696112	-1.0	31.733879900646613
	67.5818116816111	-1.0	31.514136042315812
	67.27099135712336	-1.0	31.295919481797394
	66.96160054853222	-1.0	31.079219534895273
	66.65363268124915	-1.0	30.86402559293606
	66.34708121092345	-1.0	30.650327122712504
	66.04193962330307	-1.0	30.438113664839506
	65.73820143409587	-1.0	30.2273748344588
	65.43586018883232	-1.0	30.018100319833053
	65.13490946272805	-1.0	29.81027988207464
	64.83534286054723	-1.0	29.603903355067715
	64.53715401646699	-1.0	29.398960643923427
	64.24033659394195	-1.0	29.195441725620768
	63.94488428556941	-1.0	28.99333664767252
	63.65079081295575	-1.0	28.792635527865116
	63.35804992658252	-1.0	28.593328554161612
	63.06665540567404	-1.0	28.39540598325004
	62.77660105806505	-1.0	28.19885814112459
	62.48788072006893	-1.0	28.003675421820432
	62.200488256347114	-1.0	27.809848287163177
	61.91441755977847	-1.0	27.6173672666555
	61.629662551329425	-1.0	27.426222956112447
	61.34621717992507	-1.0	27.23640601818755
	61.06407542232043	-1.0	27.04790718117301
	60.78323128297231	-1.0	26.860717238757736
	60.503678793912194	-1.0	26.674827049899903
	60.225412014619295	-1.0	26.490227537544055
	59.948425031894104	-1.0	26.306909689095576
	59.67271195973313	-1.0	26.12486455528314
	59.39826693920359	-1.0	25.944083249925225
	59.12508413831878	-1.0	25.764556949789483
	58.85315775191448	-1.0	25.586276893387225
	58.58248200152539	-1.0	25.409234381400164
	58.31305113526223	-1.0	25.2334207756013
	58.044859427689765	-1.0	25.05882749862967
	57.777901179705054	-1.0	24.88544603383867
	57.51217071841612	-1.0	24.71326792416231
	57.24766239702178	-1.0	24.54228477249823
	56.98437059469141	-1.0	24.37248824068429
	56.72228971644543	-1.0	24.20387004928034
	56.461414193036724	-1.0	24.0364219774074
	56.201738480831885	-1.0	23.870135861681533
	55.943257061693785	-1.0	23.705003596555862
	55.68596444286415	-1.0	23.5410171333502
	55.4298551568467	-1.0	23.378168480039637
	55.17492376129125	-1.0	23.216449701085583
	54.92116483887791	-1.0	23.055852916433395
	54.66857299720183	-1.0	22.896370301816194
	54.41714286865892	-1.0	22.737994087835034
	54.16686911033152	-1.0	22.58071655975378
	53.91774640387503	-1.0	22.424530057323377
	53.66976945540476	-1.0	22.269426973838996
	53.42293299538353	-1.0	22.115399756409143
	53.1772317785097	-1.0	21.962440905083138
	52.932660583605625	-1.0	21.810542972652225
	52.68921421350673	-1.0	21.659698564468144
	52.446887494951184	-1.0	21.509900337556306
	52.20567527846977	-1.0	21.36114100085252
	51.965572438276595	-1.0	21.213413314375618
	51.72657387216019	-1.0	21.066710089034338
	51.48867450137495	-1.0	20.92102418644133
	51.251869270533334	-1.0	20.77634851807868
	51.01615314749834	-1.0	20.63267604550508
	50.78152112327674	-1.0	20.489999779571136
	50.54796821191242	-1.0	20.348312780231538
	50.31548945038053	-1.0	20.207608156355676
	50.084079898482116	-1.0	20.067879064942325
	49.853734638738956	-1.0	19.92911871129936
	49.62444877628916	-1.0	19.79132034829959
	49.39621743878321	-1.0	19.65447727619812
	49.16903577628029	-1.0	19.518582842440317
	48.942898961145296	-1.0	19.38363044092245
	48.71780218794632	-1.0	19.249613512146492
	48.49374067335237	-1.0	19.116525542514122
	48.27070965603184	-1.0	18.984360064149023
	48.04870439655131	-1.0	18.853110654703073
	47.82772017727485	-1.0	18.722770936660144
	47.6077523022637	-1.0	18.593334577467797
	47.38879609717654	-1.0	18.464795288867705
	47.17084690917017	-1.0	18.337146826722527
	46.95390010680061	-1.0	18.210382990821063
	46.73795107992462	-1.0	18.08449762422244
	46.522995239601904	-1.0	17.959484613366847
	46.309028017997406	-1.0	17.835337887440215
	46.09604486828433	-1.0	17.71205141820555
	45.884041264547584	-1.0	17.58961921980777
	45.67301270168746	-1.0	17.468035348155706
	45.462954695324015	-1.0	17.34729390101357
	45.25386278170169	-1.0	17.22738901739823
	45.04573251759459	-1.0	17.108314877414756
	44.83855948021189	-1.0	16.99006570206144
	44.63233926710396	-1.0	16.872635752647366
	44.42706749606884	-1.0	16.75601933086625
	44.22273980505901	-1.0	16.640210778224525
	44.01935185208874	-1.0	16.525204475880937
	43.81689931514192	-1.0	16.41099484445238
	43.615377892080055	-1.0	16.297576343464694
	43.41478330055092	-1.0	16.18494347141042
	43.21511127789764	-1.0	16.07309076520621
	43.01635758106795	-1.0	15.962012800036163
	42.818517986524135	-1.0	15.851704189158966
	42.621588290153234	-1.0	15.742159583389892
	42.42556430717778	-1.0	15.633373671143989
	42.230441872066756	-1.0	15.525341177920973
	42.03621683844713	-1.0	15.418056866152483
	41.84288507901582	-1.0	15.31151553501082
	41.65044248545185	-1.0	15.20571201992016
	41.458884968329116	-1.0	15.100641192586469
	41.268208457029544	-1.0	14.996297960508649
	41.07840889965647	-1.0	14.892677266829319
	40.88948226294861	-1.0	14.78977409014558
	40.70142453219438	-1.0	14.687583444047759
	40.514231711146486	-1.0	14.586100377137184
	40.327899821937066	-1.0	14.485319972562076
	40.14242490499321	-1.0	14.385237347871996
	39.95780301895271	-1.0	14.285847654830818
	39.774030240580366	-1.0	14.187146078981185
	39.59110266468459	-1.0	14.089127839651496
	39.4090164040345	-1.0	13.991788189515212
	39.2277675892772	-1.0	13.895122414448615
	39.047352368855606	-1.0	13.799125833346544
	38.86776690892667	-1.0	13.703793797710919
	38.689007393279766	-1.0	13.609121691647884
	38.511070023255705	-1.0	13.515104931449294
	38.33395101766601	-1.0	13.421738965453883
	38.157646612712504	-1.0	13.329019273865795
	37.98215306190735	-1.0	13.236941368365656
	37.80746663599349	-1.0	13.145500792099106
	37.63358362286535	-1.0	13.054693119279069
	37.46050032748994	-1.0	12.964513955050272
	37.288213071828345	-1.0	12.874958935310795
	37.11671819475766	-1.0	12.786023726344455
	36.94601205199304	-1.0	12.6977040248013
	36.77609101601032	-1.0	12.60999555731983
	36.60695147596902	-1.0	12.522894080394689
	36.43858983763546	-1.0	12.436395380201434
	36.271002523306464	-1.0	12.35049527224877
	36.10418597173338	-1.0	12.265189601352132
	35.93813663804628	-1.0	12.180474241274574
	35.77285099367872	-1.0	12.096345094597577
	35.60832552629279	-1.0	12.012798092549305
	35.444556739704346	-1.0	11.929829194675404
	35.281541153808845	-1.0	11.84743438880636
	35.11927530450729	-1.0	11.765609690716179
	34.95775574363275	-1.0	11.684351143996254
	34.796979038876934	-1.0	11.603654819887048
	34.636941773717325	-1.0	11.5235168169665
	34.47764054734465	-1.0	11.443933261111846
	34.31907197459045	-1.0	11.364900305175066
	34.161232685855275	-1.0	11.286414128859718
	34.004119327037074	-1.0	11.208470938556346
	33.847728559459824	-1.0	11.131066967047204
	33.69205705980267	-1.0	11.054198473463252
	33.5371015200293	-1.0	10.977861742975577
	33.38285864731761	-1.0	10.902053086675068
	33.229325163989735	-1.0	10.826768841411496
	33.076497807442415	-1.0	10.752005369513803
	32.92437333007769	-1.0	10.677759058742724
	32.77294849923384	-1.0	10.604026321997303
	32.62222009711669	-1.0	10.53080359719743
	32.472184920731294	-1.0	10.458087347126712
	32.322839781813805	-1.0	10.3858740591672
	32.174181506763716	-1.0	10.314160245248331
	32.026206936576514	-1.0	10.242942441567735
	31.878912926776458	-1.0	10.172217208476559
	31.732296347349767	-1.0	10.101981130326074
	31.586354082678177	-1.0	10.032230815216149
	31.441083031472655	-1.0	9.962962894940908
	31.296480106707527	-1.0	9.89417402472305
	31.152542235554872	-1.0	9.825860883101937
	31.009266359319277	-1.0	9.758020171784061
	30.86664943337274	-1.0	9.69064861540424
	30.724688427090033	-1.0	9.623742961468626
	30.583380323784333	-1.0	9.55729998010178
	30.44272212064303	-1.0	9.49131646393746
	30.302710828663965	-1.0	9.425789227972894
	30.16334347259196	-1.0	9.360715109342095
	30.024617090855497	-1.0	9.29609096725649
	29.886528735503834	-1.0	9.23191368276413
	29.749075472144398	-1.0	9.168180158643159
	29.612254379880355	-1.0	9.10488731925988
	29.47606255124858	-1.0	9.042032110353388
	29.34049709215787	-1.0	8.97961149897434
	29.205555121827466	-1.0	8.917622473255603
	29.071233772725783	-1.0	8.85606204230831
	28.937530190509506	-1.0	8.794927236083758
	28.80444153396297	-1.0	8.734215105168735
	28.671964974937705	-1.0	8.673922720722693
	28.54009769829238	-1.0	8.614047174259234
	28.408836901833038	-1.0	8.554585577544806
	28.278179796253422	-1.0	8.495535062464336
	28.148123605075796	-1.0	8.436892780826579
	28.018665564591952	-1.0	8.378655904300123
	27.88980292380441	-1.0	8.320821624205122
	27.761532944368	-1.0	8.263387151414475
	27.633852900531704	-1.0	8.2063497162233
	27.506760079080667	-1.0	8.149706568163687
	27.380251779278584	-1.0	8.093454975939741
	27.254325312810288	-1.0	8.037592227229112
	27.12897800372467	-1.0	7.982115628586652
	27.004207188377737	-1.0	7.927022505317537
	26.88001021537606	-1.0	7.872310201300997
	26.756384445520453	-1.0	7.817976078924675
	26.633327251749822	-1.0	7.764017518895374
	26.51083601908538	-1.0	7.710431920145137
	26.388908144575108	-1.0	7.657216699708077
	26.267541037238377	-1.0	7.604369292552493
	26.146732118010917	-1.0	7.5518871515147525
	26.026478819690052	-1.0	7.499767747118873
	25.906778586880083	-1.0	7.448008567484923
	25.78762887593802	-1.0	7.396607118209497
	25.669027154919505	-1.0	7.345560922205745
	25.55097090352507	-1.0	7.294867519637075
	25.433457613046496	-1.0	7.2445244677449585
	25.316484786313545	-1.0	7.19452934075975
	25.200049937640927	-1.0	7.1448797297847
	25.084150592775405	-1.0	7.09557324264345
	24.968784288843263	-1.0	7.0466075038136955
	24.853948574297995	-1.0	6.997980154262923
	24.73964100886814	-1.0	6.949688851361483
	24.625859163505467	-1.0	6.90173126877008
	24.512600620333387	-1.0	6.85410509629442
	24.399862972595503	-1.0	6.806808039818925
	24.28764382460452	-1.0	6.759837821149979
	24.1759407916913	-1.0	6.713192177931264
	24.064751500154248	-1.0	6.666868863534704
	23.954073587208786	-1.0	6.620865646921712
	23.843904700937202	-1.0	6.57518031257728
	23.734242500238672	-1.0	6.529810660360283
	23.625084654779474	-1.0	6.4847545054210345
	23.516428844943487	-1.0	6.440009678095575
	23.408272761782932	-1.0	6.395574023773282
	23.30061410696925	-1.0	6.351445402831334
	23.19345059274428	-1.0	6.307621690491764
	23.08677994187169	-1.0	6.264100776741223
	22.980599887588518	-1.0	6.220880566228529
	22.874908173557035	-1.0	6.177958978138226
	22.769702553816796	-1.0	6.1353339461256455
	22.664980792736937	-1.0	6.093003418180341
	22.560740664968613	-1.0	6.050965356547963
	22.456979955397742	-1.0	6.009217737631041
	22.353696459097954	-1.0	5.967758551868201
	22.250887981283697	-1.0	5.926585803669873
	22.148552337263595	-1.0	5.885697511287783
	22.04668735239409	-1.0	5.845091706738973
	21.945290862033143	-1.0	5.80476643570967
	21.844360711494268	-1.0	5.764719757439866
	21.743894756000795	-1.0	5.724949744659809
	21.643890860640212	-1.0	5.685454483465235
	21.544346900318843	-1.0	5.646232073243429
	21.445260759716675	-1.0	5.607280626580203
	21.346630333242445	-1.0	5.568598269149515
	21.248453524988832	-1.0	5.53018313965078
	21.15072824868795	-1.0	5.492033389689617
	21.053452427667054	-1.0	5.454147183705924
	20.956623994804335	-1.0	5.4165226988838135
	20.860240892485034	-1.0	5.37915812504604
	20.764301072557746	-1.0	5.342051664592254
	20.66880249629083	-1.0	5.3052015323849275
	20.573743134329128	-1.0	5.268605955679398
	20.479120966650857	-1.0	5.232263174036747
	20.384933982524633	-1.0	5.19617143922275
	20.291180180466785	-1.0	5.160329015147109
	20.19785756819879	-1.0	5.124734177754344
	20.104964162604986	-1.0	5.089385214955772
	20.012497989690377	-1.0	5.05428042654519
	19.9204570845387	-1.0	5.0194181241021685
	19.828839491270713	-1.0	4.984796630932319
	19.737643263002564	-1.0	4.950414281962875
	19.646866461804457	-1.0	4.916269423676566
	19.556507158659493	-1.0	4.882360414030077
	19.466563433422625	-1.0	4.84868562236142
	19.377033374779884	-1.0	4.815243429331275
	19.28791508020778	-1.0	4.782032226823083
	19.199206655932844	-1.0	4.749050417878733
	19.110906216891387	-1.0	4.716296416619712
	19.023011886689446	-1.0	4.6837686481583845
	18.935521797562952	-1.0	4.651465548540446
	18.848434090337964	-1.0	4.619385564649255
	18.761746914391207	-1.0	4.58752715414335
	18.675458427610764	-1.0	4.555888785380218
	18.589566796356877	-1.0	4.524468937331242
	18.504070195423015	-1.0	4.4932660995253055
	18.418966807997112	-1.0	4.462278771957213
	18.334254825622903	-1.0	4.431505465026951
	18.249932448161523	-1.0	4.4009446994659704
	18.165997883753274	-1.0	4.3705950062557015
	18.082449348779516	-1.0	4.340454926572291
	17.999285067824765	-1.0	4.310523011698878
	17.916503273639005	-1.0	4.280797822966623
	17.834102207100084	-1.0	4.251277931683425
	17.752080117176355	-1.0	4.221961919055767
	17.670435260889462	-1.0	4.192848376134671
	17.58916590327733	-1.0	4.163935903731651
	17.508270317357248	-1.0	4.135223112361404
	17.42774678408919	-1.0	4.10670862217294
	17.347593592339315	-1.0	4.078391062874611
	17.26780903884356	-1.0	4.050269073681256
	17.188391428171457	-1.0	4.0223413032336515
	17.109339072690144	-1.0	3.9946064095428895
	17.030650292528446	-1.0	3.9670630599237904
	16.9523234155412	-1.0	3.939709930922962
	16.874356777273753	-1.0	3.9125457082671833
	16.796748720926537	-1.0	3.8855690867861776
	16.719497597319897	-1.0	3.8587787703585956
	16.642601764859034	-1.0	3.832173471847689
	16.566059589499144	-1.0	3.805751913032264
	16.48986944471065	-1.0	3.7795128245562455
	16.414029711444666	-1.0	3.753454945854673
	16.338538778098613	-1.0	3.727577025101251
	16.263395040481925	-1.0	3.7018778191461834
	16.18859690178198	-1.0	3.6763560934498813
	16.114142772530194	-1.0	3.6510106220337692
	16.040031070568205	-1.0	3.625840187409294
	15.966260221014258	-1.0	3.60084358052701
	15.89282865622978	-1.0	3.5760196007165472
	15.819734815786006	-1.0	3.5513670556229218
	15.746977146430867	-1.0	3.5268847611585623
	15.674554102055952	-1.0	3.5025715414352163
	15.60246414366369	-1.0	3.4784262287145524
	15.530705739334604	-1.0	3.4544476633501393
	15.459277364194774	-1.0	3.4306346937262813
	15.388177500383462	-1.0	3.406986176211256
	15.317404637020804	-1.0	3.3835009750919802
	15.246957270175738	-1.0	3.3601779625260684
	15.176833902834053	-1.0	3.337016018485808
	15.107033044866549	-1.0	3.3140140306993646
	15.037553212997379	-1.0	3.291170894605233
	14.968392930772557	-1.0	3.268485513289551
	14.899550728528547	-1.0	3.245956797439567
	14.831025143361048	-1.0	3.2235836652895347
	14.7628147190939	-1.0	3.201365042564209
	14.69491800624817	-1.0	3.179299862434492
	14.627333562011305	-1.0	3.157387065457245
	14.560059950206492	-1.0	3.135625599530172
	14.493095741262167	-1.0	3.114014419839558
	14.426439512181581	-1.0	3.0925524888059424
	14.3600898465126	-1.0	3.071238776040941
	14.294045334317612	-1.0	3.050072258289487
	14.22830457214353	-1.0	3.0290519193860495
	14.162866162991985	-1.0	3.008176750204162
	14.097728716289668	-1.0	2.987445748604201
	14.032890847858729	-1.0	2.966857919391359
	13.968351179887403	-1.0	2.946412274260185
	13.904108340900704	-1.0	2.9261078317521303
	13.840160965731316	-1.0	2.9059436172068125
	13.776507695490544	-1.0	2.885918662711776
	13.713147177539451	-1.0	2.8660320070616274
	13.650078065460141	-1.0	2.8462826957047738
	13.587299019027101	-1.0	2.826669780702249
	13.524808704178751	-1.0	2.807192320680653
	13.462605792989102	-1.0	2.7878493807838307
	13.400688963639505	-1.0	2.76864003263313
	13.339056900390586	-1.0	2.749563354276244
	13.277708293554298	-1.0	2.7306184301473033
	13.216641839466051	-1.0	2.7118043510214136
	13.155856240457046	-1.0	2.6931202139681716
	13.095350204826673	-1.0	2.674565122313048
	13.035122446815093	-1.0	2.6561381855882282
	12.975171686575878	-1.0	2.6378385194939202
	12.915496650148839	-1.0	2.6196652458544714
	12.856096069432956	-1.0	2.601617492573628
	12.796968682159415	-1.0	2.5836943935970105
	12.738113231864785	-1.0	2.5658950888648793
	12.679528467864346	-1.0	2.5482187242746357
	12.621213145225475	-1.0	2.530664451638445
	12.563166024741204	-1.0	2.5132314286401667
	12.50538587290391	-1.0	2.495918818798925
	12.447871461879064	-1.0	2.4787257914236993
	12.39062156947916	-1.0	2.461651521576975
	12.333634979137758	-1.0	2.4446951900338503
	12.276910479883597	-1.0	2.4278559832405513
	12.220446866314886	-1.0	2.411133093279069
	12.16424293857368	-1.0	2.394525717823505
	12.1082975023204	-1.0	2.37803306010486
	12.052609368708428	-1.0	2.3616543288715284
	11.997177354358845	-1.0	2.345388738349374
	11.942000281335321	-1.0	2.329235508207398
	11.887076977119037	-1.0	2.313193863515767
	11.832406274583784	-1.0	2.2972630347116842
	11.777987011971192	-1.0	2.281442257561271
	11.72381803286599	-1.0	2.265730773121105
	11.66989818617147	-1.0	2.2501278277048984
	11.61622632608502	-1.0	2.234632672843151
	11.562801312073761	-1.0	2.219244565250078
	11.509622008850325	-1.0	2.2039627667868054
	11.456687286348718	-1.0	2.1887865444243317
	11.403996019700328	-1.0	2.173715170211201
	11.351547089209994	-1.0	2.1587479212346894
	11.29933938033222	-1.0	2.143884079588772
	11.247371783647518	-1.0	2.1291229323385976
	11.195643194838787	-1.0	2.1144637714848025
	11.144152514667876	-1.0	2.0999058939321493
	11.092898648952229	-1.0	2.085448601452208
	11.041880508541608	-1.0	2.0710912006523152
	10.991097009294968	-1.0	2.056833002941278
	10.940547072057427	-1.0	2.0426733244950017
	10.890229622637303	-1.0	2.028611486226072
	10.840143591783313	-1.0	2.014646813747846
	10.79028791516184	-1.0	2.0007786373444003
	10.740661533334332	-1.0	1.9870062919374165
	10.691263391734767	-1.0	1.973329117053063
	10.642092440647241	-1.0	1.9597464567924954
	10.593147635183701	-1.0	1.9462576597973218
	10.544427935261691	-1.0	1.9328620792204856
	10.495932305582274	-1.0	1.9195590726942993
	10.447659715608044	-1.0	1.9063480022985375
	10.3996091395412	-1.0	1.8932282345318356
	10.35177955630176	-1.0	1.8801991402784524
	10.304169949505878	-1.0	1.867260094780085
	10.256779307444218	-1.0	1.8544104776050034
	10.20960662306047	-1.0	1.841649672617297
	10.162650893929948	-1.0	1.8289770679491593
	10.115911122238298	-1.0	1.8163920559689022
	10.069386314760278	-1.0	1.8038940332536528
	10.023075482838651	-1.0	1.7914824005595702
	9.976977642363204	-1.0	1.779156562792199
	9.931091813749799	-1.0	1.7669159289796135
	9.885417021919572	-1.0	1.7547599122416195
	9.83995229627823	-1.0	1.742687929763337
	9.794696670695394	-1.0	1.7306994027664393
	9.749649183484086	-1.0	1.7187937564805702
	9.704808877380302	-1.0	1.7069704201173377
	9.660174799522647	-1.0	1.6952288268406535
	9.615746001432102	-1.0	1.6835684137411606
	9.571521538991863	-1.0	1.6719886218084743
	9.527500472427294	-1.0	1.6604888959036275
	9.483681866285925	-1.0	1.6490686847338631
	9.440064789417603	-1.0	1.6377274408240972
	9.396648314954694	-1.0	1.6264646204921531
	9.353431520292386	-1.0	1.6152796838219665
	9.310413487069075	-1.0	1.6041720946370146
	9.26759330114688	-1.0	1.5931413204759135
	9.224970052592175	-1.0	1.5821868325649238
	9.182542835656283	-1.0	1.5713081057939873
	9.14031074875623	-1.0	1.5605046186908642
	9.098272894455562	-1.0	1.5497758533955064
	9.056428379445293	-1.0	1.5391212956364235
	9.014776314524918	-1.0	1.5285404347042117
	8.973315814583524	-1.0	1.518032763428359
	8.932045998580968	-1.0	1.507597778152275
	8.890965989529159	-1.0	1.4972349787085808
	8.850074914473435	-1.0	1.486943868396228
	8.809371904473993	-1.0	1.476723953954998
	8.768856094587429	-1.0	1.4665747455430524
	8.728526623848378	-1.0	1.4564957567128396
	8.688382635251187	-1.0	1.446486504387256
	8.648423275731721	-1.0	1.4365465088374882
	8.608647696149244	-1.0	1.4266752936584646
	8.569055051268352	-1.0	1.416872385747118
	8.529644499741021	-1.0	1.4071373152791289
	8.490415204088748	-1.0	1.3974696156859432
	8.451366330684719	-1.0	1.387868823633311
	8.41249704973612	-1.0	1.3783344789976406
	8.373806535266493	-1.0	1.3688661248449698
	8.335293965098193	-1.0	1.3594633074085138
	8.29695852083491	-1.0	1.3501255760664899
	8.258799387844267	-1.0	1.3408524833213544
	8.22081575524054	-1.0	1.3316435847770183
	8.183006815867394	-1.0	1.3224984391184953
	8.145371766280743	-1.0	1.313416608090234
	8.107909806731687	-1.0	1.304397656474726
	8.070620141149504	-1.0	1.29544115207241
	8.033501977124732	-1.0	1.2865466656797135
	7.996554525892349	-1.0	1.2777137710693733
	7.9597770023149845	-1.0	1.268942044969509
	7.923168624866257	-1.0	1.260231067042989
	7.886728615614151	-1.0	1.2515804198679832
	7.850456200204509	-1.0	1.242989688916808
	7.814350607844546	-1.0	1.2344584625368777
	7.778411071286487	-1.0	1.2259863319305124
	7.742636826811271	-1.0	1.2175728911350283
	7.707027114212301	-1.0	1.209217737003918
	7.6715811767793	-1.0	1.2009204691864617
	7.636298261282244	-1.0	1.1926806901093066
	7.601177617955329	-1.0	1.1844980049569696
	7.566218500481055	-1.0	1.1763720216526254
	7.531420165974372	-1.0	1.1683023508399053
	7.496781874966877	-1.0	1.1602886058632402
	7.462302891391112	-1.0	1.1523304027500432
	7.427982482564915	-1.0	1.1444273601918875
	7.393819919175868	-1.0	1.136579099525975
	7.359814475265767	-1.0	1.128785244717515
	7.3259654282152304	-1.0	1.1210454223407909
	7.292272058728315	-1.0	1.1133592615619137
	7.258733650817251	-1.0	1.1057263941206636
	7.225349491787215	-1.0	1.098146454312596
	7.192118872221189	-1.0	1.0906190789720065
	7.159041085964889	-1.0	1.0831439074536702
	7.1261154301117475	-1.0	1.0757205816161672
	7.093341204987994	-1.0	1.0683487458043515
	7.060717714137774	-1.0	1.0610280468320803
	7.028244264308349	-1.0	1.0537581339657374
	6.995920165435373	-1.0	1.046538658906632
	6.963744730628225	-1.0	1.0393692757748683
	6.931717276155405	-1.0	1.03224964109242
	6.89983712143002	-1.0	1.025179413766468
	6.868103588995304	-1.0	1.018158255073459
	6.836516004510237	-1.0	1.0111858286421378
	6.805073696735209	-1.0	1.0042618004379469
	6.77377599751775	-1.0	0.9973858387466861
	6.742622241778344	-1.0	0.9905576141584327
	6.711611767496284	-1.0	0.9837767995521214
	6.680743915695613	-1.0	0.9770430700791857
	6.650018030431121	-1.0	0.9703561031484705
	6.619433458774393	-1.0	0.9637155784104566
	6.588989550799949	-1.0	0.95712117774174
	6.558685659571433	-1.0	0.9505725852301228
	6.528521141127847	-1.0	0.9440694871588327
	6.498495354469891	-1.0	0.9376115719919369
	6.468607661546326	-1.0	0.9311985303591129
	6.4388574272404195	-1.0	0.9248300550406642
	6.4092440193564535	-1.0	0.9185058409531032
	6.3797668086062815	-1.0	0.9122255851339354
	6.350425168595963	-1.0	0.9059889867275518
	6.321218475812453	-1.0	0.8997957469705263
	6.292146109610345	-1.0	0.8936455691771524
	6.26320745219869	-1.0	0.8875381587255018
	6.234401888627863	-1.0	0.8814732230427483
	6.205728806776501	-1.0	0.8754504715915277
	6.177187597338492	-1.0	0.8694696158557411
	6.148777653810023	-1.0	0.8635303693265949
	6.120498372476701	-1.0	0.8576324474891174
	6.092349152400711	-1.0	0.8517755678080056
	6.064329395408063	-1.0	0.8459594497144339
	6.036438506075869	-1.0	0.8401838145923503
	6.008675891719687	-1.0	0.8344483857649942
	5.98104096238094	-1.0	0.8287528884818643
	5.953533130814369	-1.0	0.8230970499050637
	5.9261518124755534	-1.0	0.8174805990965441
	5.8988964255084975	-1.0	0.8119032670048756
	5.871766390733256	-1.0	0.8063647864522304
	5.844761131633634	-1.0	0.8008648921217807
	5.817880074344934	-1.0	0.7954033205445272
	5.791122647641759	-1.0	0.7899798100869653
	5.7644882829258774	-1.0	0.7845941009383082
	5.737976414214134	-1.0	0.7792459350979233
	5.711586478126431	-1.0	0.7739350563631429
	5.685317913873753	-1.0	0.7686612103165616
	5.659170163246244	-1.0	0.7634241443141052
	5.633142670601355	-1.0	0.7582236074726985
	5.607234882852033	-1.0	0.7530593506581305
	5.581446249454963	-1.0	0.7479311264732692
	5.555776222398878	-1.0	0.7428386892458074
	5.530224256192901	-1.0	0.7377817950167247
	5.504789807854971	-1.0	0.7327602015283787
	5.479472336900288	-1.0	0.7277736682127883
	5.454271305329833	-1.0	0.7228219561802376
	5.429186177618942	-1.0	0.7179048282074526
	5.404216420705916	-1.0	0.7130220487264427
	5.379361503980701	-1.0	0.7081733838130028
	5.354620899273608	-1.0	0.7033586011753963
	5.32999408084409	-1.0	0.698577470143337
	5.305480525369573	-1.0	0.6938297616565798
	5.281079711934332	-1.0	0.6891152482541307
	5.256791122018423	-1.0	0.684433704063141
	5.232614239486662	-1.0	0.6797849047879795
	5.208548550577662	-1.0	0.6751686276995782
	5.184593543892912	-1.0	0.6705846516244204
	5.160748710385909	-1.0	0.6660327569341076
	5.137013543351342	-1.0	0.6615127255346325
	5.113387538414326	-1.0	0.6570243408558246
	5.089870193519682	-1.0	0.6525673878410483
	5.066461008921268	-1.0	0.6481416529365723
	5.04315948717136	-1.0	0.6437469240814828
	5.019965133110082	-1.0	0.6393829906973203
	4.996877453854883	-1.0	0.6350496436778854
	4.973895958790065	-1.0	0.6307466753792761
	4.95102015955635	-1.0	0.626473879609627
	4.9282495700405144	-1.0	0.6222310516193525
	4.905583706365048	-1.0	0.6180179880911381
	4.8830220868778795	-1.0	0.61383448713009
	4.860564232142136	-1.0	0.6096803482541027
	4.838209664925956	-1.0	0.6055553723839507
	4.815957910192351	-1.0	0.6014593618338536
	4.79380849508911	-1.0	0.597392120301806
	4.771760948938746	-1.0	0.5933534528600602
	4.749814803228502	-1.0	0.5893431659458099
	4.72796959160039	-1.0	0.5853610673516246
	4.7062248498412815	-1.0	0.5814069662163219
	4.6845801158730485	-1.0	0.5774806730156252
	4.663034929742731	-1.0	0.5735819995529658
	4.641588833612779	-1.0	0.5697107589504741
	4.620241371751312	-1.0	0.5658667656397397
	4.598992090522438	-1.0	0.5620498353529826
	4.577840538376619	-1.0	0.5582597851140254
	4.556786265841064	-1.0	0.5544964332294041
	4.535828825510188	-1.0	0.5507595992796528
	4.514967772036101	-1.0	0.5470491041103805
	4.494202662119142	-1.0	0.5433647698237276
	4.473533054498466	-1.0	0.5397064197696423
	4.452958509942655	-1.0	0.5360738785372868
	4.432478591240398	-1.0	0.5324669719466074
	4.412092863191189	-1.0	0.5288855270397119
	4.391800892596087	-1.0	0.525329372072605
	4.3716022482485055	-1.0	0.5217983365067537
	4.35149650092505	-1.0	0.5182922510007804
	4.3314832233764	-1.0	0.5148109474023048
	4.311561990318228	-1.0	0.5113542587396144
	4.291732378422158	-1.0	0.5079220192136632
	4.271993966306779	-1.0	0.5045140641899191
	4.252346334528682	-1.0	0.5011302301903306
	4.23278906557355	-1.0	0.49777035488543153
	4.213321743847288	-1.0	0.4944342770862905
	4.193943955667187	-1.0	0.49112183673676646
	4.174655289253137	-1.0	0.48783287490562466
	4.155455334718876	-1.0	0.484567233778767
	4.136343684063275	-1.0	0.48132475665158847
	4.117319931161678	-1.0	0.4781052879211967
	4.098383671757262	-1.0	0.4749086730789125
	4.079534503452451	-1.0	0.47173475870264325
	4.060772025700365	-1.0	0.4685833924493678
	4.042095839796307	-1.0	0.46545442304773577
	4.0235055488692915	-1.0	0.4623477002905421
	4.005000757873612	-1.0	0.45926307502746727
	3.9865810735804406	-1.0	0.4562003991576964
	3.9682461045694817	-1.0	0.4531595256226473
	3.9499954612206443	-1.0	0.45014030839880315
	3.931828755705769	-1.0	0.447142602490434
	3.9137456019803847	-1.0	0.4441662639225631
	3.895745615775503	-1.0	0.44121114973382547
	3.8778284145894566	-1.0	0.43827711796942587
	3.8599936176797685	-1.0	0.4353640276741986
	3.8422408460550597	-1.0	0.43247173888556206
	3.824569722467	-1.0	0.42960011262670533
	3.806979871402286	-1.0	0.4267490108996736
	3.789470919074667	-1.0	0.4239182966785482
	3.7720424934169987	-1.0	0.42110783390272283
	3.7546942240733356	-1.0	0.4183174874700827
	3.737425742391065	-1.0	0.41554712323040094
	3.720236681413068	-1.0	0.41279660797864115
	3.7031266758699264	-1.0	0.41006580944835164
	3.6860953621721593	-1.0	0.40735459630514725
	3.669142378402493	-1.0	0.404662838140104
	3.6522673643081753	-1.0	0.4019904054633556
	3.6354699612933197	-1.0	0.3993371696976067
	3.61874981241128	-1.0	0.39670300317172746
	3.6021065623570716	-1.0	0.39408777911443554
	3.585539857459816	-1.0	0.3914913716478952
	3.5690493456752295	-1.0	0.3889136557815072
	3.5526346765781414	-1.0	0.3863545074056192
	3.5362955013550423	-1.0	0.3838138032853171
	3.5200314727966795	-1.0	0.38129142105429437
	3.5038422452906746	-1.0	0.37878723920864865
	3.4877274748141778	-1.0	0.3763011371008548
	3.4716868189265613	-1.0	0.3738329949336652
	3.4557199367621387	-1.0	0.3713826937540876
	3.4398264890229253	-1.0	0.36895011544743433
	3.4240061379714244	-1.0	0.36653514273130705
	3.408258547423452	-1.0	0.3641376591497441
	3.3925833827409937	-1.0	0.36175754906730306
	3.376980310825091	-1.0	0.35939469766321575
	3.361449000108766	-1.0	0.3570489909256087
	3.345989120549974	-1.0	0.3547203156456684
	3.330600343624589	-1.0	0.35240855941195426
	3.315282342319424	-1.0	0.3501136106046544
	3.300034791125285	-1.0	0.3478353583899104
	3.284857366030044	-1.0	0.3455736927142008
	3.269749744511767	-1.0	0.34332850429867756
	3.254711605531848	-1.0	0.34109968463363727
	3.239742629528197	-1.0	0.33888712597294296
	3.224842498408442	-1.0	0.33669072132850825
	3.210010895543172	-1.0	0.3345103644648384
	3.195247505759213	-1.0	0.3323459498935279
	3.18055201533292	-1.0	0.3301973728678837
	3.165924111983522	-1.0	0.32806452937750397
	3.151363484866479	-1.0	0.32594731614291444
	3.1368698245668774	-1.0	0.32384563061025934
	3.1224428230928565	-1.0	0.3217593709459519
	3.108082173869064	-1.0	0.3196884360314436
	3.0937875717301377	-1.0	0.31763272545794896
	3.0795587129142263	-1.0	0.31559213952123066
	3.0653952950565273	-1.0	0.3135665792164299
	3.0512970171828693	-1.0	0.311555946232864
	3.037263579703312	-1.0	0.3095601429489326
	3.0232946844057778	-1.0	0.3075790724269843
	3.009390034449721	-1.0	0.3056126384082401
	2.995549334359814	-1.0	0.30366074530775783
	2.981772290019672	-1.0	0.3017232982093695
	2.9680586086656024	-1.0	0.2998002028607169
	2.954407998880381	-1.0	0.29789136566825464
	2.9408201705870627	-1.0	0.2959966936923025
	2.9272948350428165	-1.0	0.29411609464214034
	2.9138317048327873	-1.0	0.2922494768710753
	2.900430493863992	-1.0	0.29039674937160315
	2.887090917359236	-1.0	0.2885578217705378
	2.8738126918510654	-1.0	0.2867326043241899
	2.860595535175743	-1.0	0.2849210079135827
	2.8474391664672467	-1.0	0.2831229440396445
	2.834343306151309	-1.0	0.2813383248184886
	2.821307675939472	-1.0	0.27956706297666467
	2.8083319988231716	-1.0	0.277809071846455
	2.795415999067857	-1.0	0.27606426536120704
	2.7825594022071245	-1.0	0.27433255805064577
	2.7697619350368905	-1.0	0.27261386503626506
	2.757023325609584	-1.0	0.27090810202669524
	2.744343303228365	-1.0	0.26921518531311284
	2.731721598441377	-1.0	0.26753503176468346
	2.7191579430360178	-1.0	0.26586755882398755
	2.7066520700332415	-1.0	0.26421268450252
	2.6942037136818833	-1.0	0.26257032737616726
	2.681812609453015	-1.0	0.2609404065807261
	2.6694784940343212	-1.0	0.25932284180745147
	2.6572011053245057	-1.0	0.2577175532985915
	2.6449801824277195	-1.0	0.25612446184298915
	2.632815465648021	-1.0	0.2545434887716665
	2.6207066964838517	-1.0	0.2529745559534455
	2.6086536176225485	-1.0	0.2514175857905989
	2.5966559729348715	-1.0	0.2498725012144879
	2.5847135074695635	-1.0	0.24833922568126388
	2.5728259674479332	-1.0	0.24681768316755393
	2.5609931002584587	-1.0	0.2453077981661815
	2.549214654451424	-1.0	0.2438094956819149
	2.5374903797335704	-1.0	0.24232270122720534
	2.5258200269627844	-1.0	0.24084734081798534
	2.5142033481427974	-1.0	0.23938334096945102
	2.5026400964179185	-1.0	0.23793062869188006
	2.491130026067789	-1.0	0.23648913148647543
	2.4796728925021587	-1.0	0.23505877734120043
	2.468268452255692	-1.0	0.23363949472666984
	2.456916462982791	-1.0	0.23223121259202878
	2.4456166834524455	-1.0	0.23083386036086406
	2.434368873543111	-1.0	0.229447367927141
	2.4231727942375993	-1.0	0.2280716656511332
	2.412028207618007	-1.0	0.22670668435540595
	2.400934876860653	-1.0	0.22535235532078768
	2.3898925662310493	-1.0	0.2240086102823749
	2.3789010410788936	-1.0	0.22267538142555973
	2.3679600678330774	-1.0	0.22135260138205412
	2.3570694139967276	-1.0	0.22004020322596257
	2.346228848142263	-1.0	0.21873812046984775
	2.3354381399064787	-1.0	0.2174462870608264
	2.324697059985648	-1.0	0.21616463737668795
	2.314005380130653	-1.0	0.21489310622201235
	2.303362873142131	-1.0	0.2136316288243328
	2.2927693128656492	-1.0	0.21238014083029444
	2.282224474186898	-1.0	0.21113857830184213
	2.2717281330269055	-1.0	0.20990687771243058
	2.261280066337278	-1.0	0.20868497594323576
	2.2508800520954613	-1.0	0.2074728102794095
	2.240527869300019	-1.0	0.2062703184063314
	2.2302232979659378	-1.0	0.20507743840588954
	2.219966119119955	-1.0	0.20389410875278463
	2.209756114795902	-1.0	0.2027202683108354
	2.1995930680300746	-1.0	0.20155585632932715
	2.1894767628566214	-1.0	0.20040081243935914
	2.1794069843029553	-1.0	0.19925507665022069
	2.1693835183851844	-1.0	0.19811858934579066
	2.1594061521035663	-1.0	0.19699129128094064
	2.14947467343798	-1.0	0.19587312357797956
	2.139588871343422	-1.0	0.19476402772309948
	2.12974853574552	-1.0	0.19366394556285063
	2.119953457536071	-1.0	0.19257281930063955
	2.1102034285685956	-1.0	0.19149059149323333
	2.100498241653915	-1.0	0.19041720504730442
	2.090837690555751	-1.0	0.18935260321597897
	2.0812215699863383	-1.0	0.18829672959541444
	2.0716496756020693	-1.0	0.18724952812140125
	2.0621218039991436	-1.0	0.1862109430659724
	2.052637752709252	-1.0	0.18518091903405365
	2.043197320195271	-1.0	0.18415940096011862
	2.0338003058469813	-1.0	0.18314633410487513
	2.024446509976804	-1.0	0.18214166405197454
	2.0151357338155576	-1.0	0.18114533670473354
	2.005867779508234	-1.0	0.180157298282894
	1.996642450109794	-1.0	0.1791774953193922
	1.987459549580983	-1.0	0.17820587465715845
	1.9783188827841645	-1.0	0.17724238344594193
	1.9692202554791722	-1.0	0.17628696913914924
	1.9601634743191854	-1.0	0.1753395794907224
	1.9511483468466169	-1.0	0.1744001625520271
	1.9421746814890257	-1.0	0.1734686666687737
	1.9332422875550455	-1.0	0.17254504047796385
	1.9243509752303312	-1.0	0.17162923290485377
	1.9155005555735276	-1.0	0.17072119315995635
	1.9066908405122525	-1.0	0.16982087073605714
	1.8979216428391008	-1.0	0.1689282154052636
	1.8891927762076663	-1.0	0.1680431772160812
	1.8805040551285823	-1.0	0.16716570649050908
	1.871855294965579	-1.0	0.16629575382117434
	1.8632463119315603	-1.0	0.16543327006848385
	1.8546769230846987	-1.0	0.16457820635780912
	1.8461469463245477	-1.0	0.1637305140767007
	1.8376562003881713	-1.0	0.16289014487212383
	1.8292045048462935	-1.0	0.16205705064773396
	1.8207916800994628	-1.0	0.16123118356117136
	1.812417547374237	-1.0	0.16041249602139138
	1.8040819287193828	-1.0	0.15960094068602462
	1.7957846470020957	-1.0	0.15879647045876133
	1.7875255259042353	-1.0	0.15799903848677618
	1.7793043899185776	-1.0	0.1572085981581749
	1.7711210643450879	-1.0	0.15642510309947733
	1.7629753752872057	-1.0	0.1556485071731325
	1.7548671496481512	-1.0	0.1548787644750599
	1.7467962151272454	-1.0	0.15411582933223178
	1.7387624002162507	-1.0	0.15335965630028003
	1.730765534195725	-1.0	0.15261020016114085
	1.722805447131394	-1.0	0.15186741592073205
	1.7148819698705398	-1.0	0.15113125880665956
	1.7069949340384076	-1.0	0.15040168426596595
	1.6991441720346263	-1.0	0.14967864796290456
	1.691329517029648	-1.0	0.14896210577675334
	1.6835508029612023	-1.0	0.1482520137996631
	1.6758078645307677	-1.0	0.14754832833453646
	1.6681005372000588	-1.0	0.14685100589294858
	1.66042865718753	-1.0	0.1461600031930976
	1.652792061464895	-1.0	0.1454752771577937
	1.6451905877536626	-1.0	0.14479678491248532
	1.637624074521688	-1.0	0.14412448378331638
	1.6300923609797409	-1.0	0.1434583312952275
	1.6225952870780873	-1.0	0.14279828517008664
	1.6151326935030905	-1.0	0.14214430332486122
	1.6077044216738237	-1.0	0.14149634386982654
	1.6003103137387007	-1.0	0.14085436510680802
	1.5929502125721227	-1.0	0.1402183255274666
	1.5856239617711374	-1.0	0.13958818381161595
	1.5783314056521174	-1.0	0.13896389882558088
	1.5710723892474503	-1.0	0.13834542962059324
	1.5638467583022468	-1.0	0.1377327354312223
	1.5566543592710615	-1.0	0.13712577567384868
	1.5494950393146318	-1.0	0.1365245099451709
	1.5423686462966282	-1.0	0.13592889802075306
	1.5352750287804227	-1.0	0.13533889985361092
	1.5282140360258698	-1.0	0.13475447557283257
	1.5211855179861045	-1.0	0.13417558548224254
	1.5141893253043521	-1.0	0.13360219005909899
	1.5072253093107564	-1.0	0.13303424995283233
	1.5002933220192183	-1.0	0.13247172598382131
	1.4933932161242525	-1.0	0.13191457914220447
	1.4865248449978568	-1.0	0.13136277058673423
	1.4796880626863966	-1.0	0.13081626164366442
	1.4728827239075026	-1.0	0.13027501380567763
	1.4661086840469844	-1.0	0.12973898873085085
	1.4593657991557567	-1.0	0.12920814824165544
	1.4526539259467808	-1.0	0.12868245432399855
	1.4459729217920199	-1.0	0.12816186912629773
	1.4393226447194072	-1.0	0.12764635495859475
	1.4327029534098308	-1.0	0.12713587429170597
	1.4261137071941288	-1.0	0.12663038975640659
	1.4195547660501011	-1.0	0.126129864142655
	1.413025990599534	-1.0	0.12563426039884934
	1.4065272421052373	-1.0	0.12514354163112124
	1.4000583824680974	-1.0	0.12465767110266548
	1.3936192742241424	-1.0	0.12417661223310175
	1.3872097805416206	-1.0	0.12370032859787446
	1.3808297652180925	-1.0	0.1232287839276835
	1.3744790926775374	-1.0	0.12276194210795051
	1.3681576279674719	-1.0	0.12229976717831846
	1.3618652367560817	-1.0	0.12184222333218209
	1.3556017853293685	-1.0	0.12138927491625398
	1.3493671405883065	-1.0	0.12094088643015921
	1.343161170046016	-1.0	0.1204970225260637
	1.3369837418249466	-1.0	0.12005764800833303
	1.330834724654075	-1.0	0.11962272783322014
	1.3247139878661172	-1.0	0.11919222710858575
	1.3186214013947486	-1.0	0.11876611109364488
	1.3125568357718436	-1.0	0.11834434519874462
	1.306520162124721	-1.0	0.11792689498516909
	1.300511252173409	-1.0	0.11751372616497102
	1.2945299782279156	-1.0	0.11710480460083246
	1.288576213185518	-1.0	0.11670009630594952
	1.2826498305280605	-1.0	0.11629956744394405
	1.2767507043192656	-1.0	0.11590318432880063
	1.2708787092020586	-1.0	0.11551091342482617
	1.2650337203959034	-1.0	0.11512272134663558
	1.259215613694151	-1.0	0.11473857485915828
	1.2534242654614	-1.0	0.11435844087766825
	1.2476595526308696	-1.0	0.11398228646783566
	1.2419213527017836	-1.0	0.11361007884579798
	1.2362095437367686	-1.0	0.11324178537825347
	1.2305240043592616	-1.0	0.11287737358257194
	1.2248646137509314	-1.0	0.11251681112692545
	1.2192312516491106	-1.0	0.11216006583043668
	1.2136237983442408	-1.0	0.11180710566334376
	1.2080421346773285	-1.0	0.11145789874718284
	1.2024861420374124	-1.0	0.11111241335498485
	1.1969557023590434	-1.0	0.11077061791148801
	1.1914506981197759	-1.0	0.1104324809933647
	1.1859710123376697	-1.0	0.11009797132946011
	1.180516528568805	-1.0	0.10976705780104586
	1.1750871309048077	-1.0	0.10943970944208287
	1.1696827039703852	-1.0	0.1091158954394971
	1.1643031329208766	-1.0	0.10879558513346488
	1.158948303439811	-1.0	0.10847874801770706
	1.1536181017364782	-1.0	0.10816535373979311
	1.148312414543511	-1.0	0.10785537210145194
	1.1430311291144792	-1.0	0.10754877305889064
	1.1377741332214912	-1.0	0.10724552672311949
	1.1325413151528119	-1.0	0.10694560336028172
	1.1273325637104867	-1.0	0.10664897339198981
	1.1221477682079803	-1.0	0.10635560739566406
	1.116986818467823	-1.0	0.10606547610487596
	1.1118496048192708	-1.0	0.10577855040969344
	1.1067360180959736	-1.0	0.10549480135702814
	1.1016459496336566	-1.0	0.1052142001509842
	1.0965792912678098	-1.0	0.10493671815320685
	1.0915359353313916	-1.0	0.10466232688323165
	1.0865157746525382	-1.0	0.10439099801883214
	1.0815187025522883	-1.0	0.10412270339636587
	1.0765446128423155	-1.0	0.10385741501111889
	1.0715933998226712	-1.0	0.10359510501764627
	1.0666649582795393	-1.0	0.10333574573010972
	1.061759183483	-1.0	0.10307930962261105
	1.0568759711848041	-1.0	0.10282576932952003
	1.0520152176161586	-1.0	0.10257509764579781
	1.0471768194855202	-1.0	0.10232726752731332
	1.0423606739764015	-1.0	0.10208225209115376
	1.0375666787451858	-1.0	0.1018400246159275
	1.0327947319189517	-1.0	0.10160055854205903
	1.0280447320933093	-1.0	0.10136382747207634
	1.023316578330245	-1.0	0.10112980517088839
	1.0186101701559758	-1.0	0.10089846556605422
	1.013925407558815	-1.0	0.10066978274804164
	1.0092621909870476	-1.0	0.10044373097047565
	1.0046204213468128	-1.0	0.10022028465037638
	1.0	-1.0	0.09999941836838529
