	100.00000000000004	-1.0	57.16424768632018
	99.54008287621524	-1.0	56.76663474464953
	99.08228099003794	-1.0	56.37180390541171
	98.62658461312826	-1.0	55.97973551770983
	98.17298406188837	-1.0	55.59041007149805
	97.72146969725722	-1.0	55.203808196550064
	97.27203192450544	-1.0	54.819910661434704
	96.82466119303122	-1.0	54.4386983724992
	96.37934799615785	-1.0	54.06015237286098
	95.93608287093146	-1.0	53.684253841406225
	95.49485639791966	-1.0	53.310984091796016
	95.05565920101192	-1.0	52.9403245714808
	94.61848194722003	-1.0	52.572256860721474
	94.18331534647953	-1.0	52.20676267161777
	93.75015015145283	-1.0	51.84382384714494
	93.31897715733241	-1.0	51.48342236019677
	92.889787201645	-1.0	51.12554031263582
	92.46257116405747	-1.0	50.77015993435174
	92.03731996618225	-1.0	50.41726358232532
	91.61402457138516	-1.0	50.066833739700925
	91.19267598459302	-1.0	49.718853014865054
	90.77326525210229	-1.0	49.373304140531786
	90.35578346138927	-1.0	49.03016997283589
	89.9402217409205	-1.0	48.689433490431995
	89.52657125996399	-1.0	48.35107779360056
	89.114823228402	-1.0	48.01508610336129
	88.7049688965441	-1.0	47.6814417605924
	88.29699955494091	-1.0	47.35012822515666
	87.89090653419954	-1.0	47.0211290750345
	87.48668120479914	-1.0	46.69442800546312
	87.08431497690725	-1.0	46.37000882808195
	86.68379930019775	-1.0	46.047855470085196
	86.28512566366896	-1.0	45.72795197338012
	85.88828559546252	-1.0	45.41028249375162
	85.49327066268378	-1.0	45.09483130003363
	85.10007247122249	-1.0	44.781582773286246
	84.70868266557406	-1.0	44.470521405978914
	84.31909292866256	-1.0	44.16163180118034
	83.93129498166368	-1.0	43.85489867175387
	83.54528058382867	-1.0	43.550306839559
	83.16104153230958	-1.0	43.247841234659234
	82.77856966198478	-1.0	42.94748689453545
	82.39785684528518	-1.0	42.64922896330514
	82.01889499202208	-1.0	42.353052690948005
	81.6416760492147	-1.0	42.05894343253655
	81.26619200091945	-1.0	41.76688664747319
	80.89243486805945	-1.0	41.47686789873257
	80.52039670825478	-1.0	41.18887285210951
	80.15006961565405	-1.0	40.902887275473034
	79.78144572076629	-1.0	40.61889703802555
	79.41451719029341	-1.0	40.33688810956744
	79.04927622696422	-1.0	40.056846559767706
	78.68571506936853	-1.0	39.77875855743956
	78.32382599179198	-1.0	39.50261036982138
	77.96360130405232	-1.0	39.22838836186355
	77.60503335133573	-1.0	38.95607899552005
	77.24811451403403	-1.0	38.68566882904543
	76.8928372075831	-1.0	38.41714451629739
	76.53919388230152	-1.0	38.15049280604415
	76.18717702322996	-1.0	37.885700541276954
	75.83677914997187	-1.0	37.622754658528116
	75.48799281653436	-1.0	37.36164218719376
	75.14081061116968	-1.0	37.10235024886146
	74.7952251562182	-1.0	36.84486605664347
	74.45122910795142	-1.0	36.58917691451439
	74.10881515641569	-1.0	36.33527021665372
	73.7679760252773	-1.0	36.08313344679383
	73.42870447166766	-1.0	35.832754177572234
	73.09099328602912	-1.0	35.58412006988875
	72.75483529196227	-1.0	35.337218872267776
	72.42022334607316	-1.0	35.09203842022498
	72.08715033782137	-1.0	34.8485666356386
	71.7556091893693	-1.0	34.60679152612585
	71.42559285543129	-1.0	34.366701184423384
	71.09709432312434	-1.0	34.128283787772844
	70.77010661181892	-1.0	33.89152759731075
	70.4446227729904	-1.0	33.656420957462636
	70.12063589007181	-1.0	33.42295229534231
	69.79813907830663	-1.0	33.191110120154995
	69.47712548460237	-1.0	32.96088302260498
	69.15758828738522	-1.0	32.73225967430804
	68.83952069645501	-1.0	32.50522882720773
	68.52291595284063	-1.0	32.27977931299609
	68.20776732865684	-1.0	32.055900042538994
	67.89406812696112	-1.0	31.833580005305308
	67.5818116816111	-1.0	31.612808268800332
	67.27099135712336	-1.0	31.393573978003783
	66.96160054853222	-1.0	31.175866354811532
	66.65363268124915	-1.0	30.95967469748148
	66.34708121092345	-1.0	30.744988380083868
	66.04193962330307	-1.0	30.531796851955388
	65.73820143409587	-1.0	30.320089637157096
	65.43586018883232	-1.0	30.10985633393692
	65.13490946272805	-1.0	29.90108661419563
	64.83534286054723	-1.0	29.693770222956815
	64.53715401646699	-1.0	29.487896977841036
	64.24033659394195	-1.0	29.28345676854361
	63.94488428556941	-1.0	29.080439556316122
	63.65079081295575	-1.0	28.87883537345228
	63.35804992658252	-1.0	28.678634322776844
	63.06665540567404	-1.0	28.47982657713898
	62.77660105806505	-1.0	28.282402378908888
	62.48788072006893	-1.0	28.086352039478186
	62.200488256347114	-1.0	27.891665938764376
	61.91441755977847	-1.0	27.698334524718376
	61.629662551329425	-1.0	27.506348312835975
	61.34621717992507	-1.0	27.315697885672975
	61.06407542232043	-1.0	27.126373892363716
	60.78323128297231	-1.0	26.93836704814304
	60.503678793912194	-1.0	26.75166813387213
	60.225412014619295	-1.0	26.56626799556753
	59.948425031894104	-1.0	26.382157543933552
	59.67271195973313	-1.0	26.19932775389852
	59.39826693920359	-1.0	26.017769664154045
	59.12508413831878	-1.0	25.837474376697664
	58.85315775191448	-1.0	25.658433056379216
	58.58248200152539	-1.0	25.480636930450167
	58.31305113526223	-1.0	25.304077288116225
	58.044859427689765	-1.0	25.128745480093652
	57.777901179705054	-1.0	24.95463291816838
	57.51217071841612	-1.0	24.781731074758422
	57.24766239702178	-1.0	24.61003148247985
	56.98437059469141	-1.0	24.439525733715506
	56.72228971644543	-1.0	24.270205480186984
	56.461414193036724	-1.0	24.10206243253006
	56.201738480831885	-1.0	23.935088359872704
	55.943257061693785	-1.0	23.76927508941664
	55.68596444286415	-1.0	23.60461450602175
	55.4298551568467	-1.0	23.44109855179339
	55.17492376129125	-1.0	23.278719225673086
	54.92116483887791	-1.0	23.117468583031936
	54.66857299720183	-1.0	22.957338735266912
	54.41714286865892	-1.0	22.798321849400523
	54.16686911033152	-1.0	22.6404101476829
	53.91774640387503	-1.0	22.48359590719717
	53.66976945540476	-1.0	22.327871459467456
	53.42293299538353	-1.0	22.17322919006989
	53.1772317785097	-1.0	22.019661538246442
	52.932660583605625	-1.0	21.867160996521488
	52.68921421350673	-1.0	21.715720110321215
	52.446887494951184	-1.0	21.56533147759591
	52.20567527846977	-1.0	21.41598774844477
	51.965572438276595	-1.0	21.26768162474365
	51.72657387216019	-1.0	21.120405859775484
	51.48867450137495	-1.0	20.97415325786329
	51.251869270533334	-1.0	20.828916674005946
	51.01615314749834	-1.0	20.684689013516625
	50.78152112327674	-1.0	20.541463231663855
	50.54796821191242	-1.0	20.399232333315076
	50.31548945038053	-1.0	20.25798937258294
	50.084079898482116	-1.0	20.117727452474178
	49.853734638738956	-1.0	19.978439724540877
	49.62444877628916	-1.0	19.840119388534408
	49.39621743878321	-1.0	19.702759692061935
	49.16903577628029	-1.0	19.566353930245224
	48.942898961145296	-1.0	19.430895445382063
	48.71780218794632	-1.0	19.296377626610234
	48.49374067335237	-1.0	19.16279390957362
	48.27070965603184	-1.0	19.03013777609109
	48.04870439655131	-1.0	18.89840275382755
	47.82772017727485	-1.0	18.767582415967507
	47.6077523022637	-1.0	18.637670380890896
	47.38879609717654	-1.0	18.50866031185136
	47.17084690917017	-1.0	18.38054591665684
	46.95390010680061	-1.0	18.25332094735241
	46.73795107992462	-1.0	18.126979199905488
	46.522995239601904	-1.0	18.001514513893362
	46.309028017997406	-1.0	17.87692077219283
	46.09604486828433	-1.0	17.753191900672256
	45.884041264547584	-1.0	17.630321867885797
	45.67301270168746	-1.0	17.50830468476978
	45.462954695324015	-1.0	17.387134404341374
	45.25386278170169	-1.0	17.266805121399383
	45.04573251759459	-1.0	17.147310972227267
	44.83855948021189	-1.0	17.028646134298228
	44.63233926710396	-1.0	16.910804825982495
	44.42706749606884	-1.0	16.79378130625673
	44.22273980505901	-1.0	16.677569874415468
	44.01935185208874	-1.0	16.56216486978471
	43.81689931514192	-1.0	16.44756067143761
	43.615377892080055	-1.0	16.33375169791211
	43.41478330055092	-1.0	16.220732406930704
	43.21511127789764	-1.0	16.108497295122245
	43.01635758106795	-1.0	15.99704089774567
	42.818517986524135	-1.0	15.886357788415793
	42.621588290153234	-1.0	15.77644257883107
	42.42556430717778	-1.0	15.667289918503315
	42.230441872066756	-1.0	15.558894494489373
	42.03621683844713	-1.0	15.451251031124697
	41.84288507901582	-1.0	15.344354289758963
	41.65044248545185	-1.0	15.238199068493424
	41.458884968329116	-1.0	15.132780201920278
	41.268208457029544	-1.0	15.028092560863929
	41.07840889965647	-1.0	14.924131052123991
	40.88948226294861	-1.0	14.820890618220265
	40.70142453219438	-1.0	14.718366237139556
	40.514231711146486	-1.0	14.616552922084175
	40.327899821937066	-1.0	14.515445721222433
	40.14242490499321	-1.0	14.415039717440846
	39.95780301895271	-1.0	14.315330028098078
	39.774030240580366	-1.0	14.216311804780768
	39.59110266468459	-1.0	14.117980233061003
	39.4090164040345	-1.0	14.020330532255674
	39.2277675892772	-1.0	13.923357955187383
	39.047352368855606	-1.0	13.827057787947235
	38.86776690892667	-1.0	13.73142534965929
	38.689007393279766	-1.0	13.636455992246614
	38.511070023255705	-1.0	13.542145100199157
	38.33395101766601	-1.0	13.448488090343236
	38.157646612712504	-1.0	13.355480411612646
	37.98215306190735	-1.0	13.26311754482144
	37.80746663599349	-1.0	13.171395002438416
	37.63358362286535	-1.0	13.080308328363078
	37.46050032748994	-1.0	12.989853097703332
	37.288213071828345	-1.0	12.90002491655472
	37.11671819475766	-1.0	12.81081942178129
	36.94601205199304	-1.0	12.722232280797959
	36.77609101601032	-1.0	12.634259191354488
	36.60695147596902	-1.0	12.546895881321074
	36.43858983763546	-1.0	12.46013810847532
	36.271002523306464	-1.0	12.373981660290886
	36.10418597173338	-1.0	12.288422353727606
	35.93813663804628	-1.0	12.203456035023056
	35.77285099367872	-1.0	12.119078579485702
	35.60832552629279	-1.0	12.035285891289512
	35.444556739704346	-1.0	11.952073903269973
	35.281541153808845	-1.0	11.86943857672167
	35.11927530450729	-1.0	11.787375901197228
	34.95775574363275	-1.0	11.705881894307801
	34.796979038876934	-1.0	11.624952601524855
	34.636941773717325	-1.0	11.544584095983474
	34.47764054734465	-1.0	11.46477247828708
	34.31907197459045	-1.0	11.385513876313443
	34.161232685855275	-1.0	11.306804445022214
	34.004119327037074	-1.0	11.22864036626378
	33.847728559459824	-1.0	11.151017848589431
	33.69205705980267	-1.0	11.073933127062986
	33.5371015200293	-1.0	10.997382463073734
	33.38285864731761	-1.0	10.921362144150653
	33.229325163989735	-1.0	10.845868483778036
	33.076497807442415	-1.0	10.770897821212415
	32.92437333007769	-1.0	10.696446521300782
	32.77294849923384	-1.0	10.622510974300111
	32.62222009711669	-1.0	10.549087595698166
	32.472184920731294	-1.0	10.476172826035638
	32.322839781813805	-1.0	10.403763130729477
	32.174181506763716	-1.0	10.331854999897523
	32.026206936576514	-1.0	10.260444948184452
	31.878912926776458	-1.0	10.189529514588843
	31.732296347349767	-1.0	10.11910526229156
	31.586354082678177	-1.0	10.049168778485393
	31.441083031472655	-1.0	9.979716674205795
	31.296480106707527	-1.0	9.910745584162958
	31.152542235554872	-1.0	9.842252166575001
	31.009266359319277	-1.0	9.77423310300241
	30.86664943337274	-1.0	9.706685098183598
	30.724688427090033	-1.0	9.639604879871682
	30.583380323784333	-1.0	9.57298919867243
	30.44272212064303	-1.0	9.506834827883331
	30.302710828663965	-1.0	9.44113856333382
	30.16334347259196	-1.0	9.375897223226698
	30.024617090855497	-1.0	9.311107647980585
	29.886528735503834	-1.0	9.246766700073577
	29.749075472144398	-1.0	9.182871263888012
	29.612254379880355	-1.0	9.119418245556277
	29.47606255124858	-1.0	9.05640457280779
	29.34049709215787	-1.0	8.99382719481702
	29.205555121827466	-1.0	8.931683082052658
	29.071233772725783	-1.0	8.869969226127768
	28.937530190509506	-1.0	8.808682639651062
	28.80444153396297	-1.0	8.747820356079263
	28.671964974937705	-1.0	8.687379429570447
	28.54009769829238	-1.0	8.62735693483847
	28.408836901833038	-1.0	8.567749967008465
	28.278179796253422	-1.0	8.508555641473283
	28.148123605075796	-1.0	8.44977109375102
	28.018665564591952	-1.0	8.391393479343579
	27.88980292380441	-1.0	8.333419973596147
	27.761532944368	-1.0	8.275847771557748
	27.633852900531704	-1.0	8.218674087842798
	27.506760079080667	-1.0	8.16189615649356
	27.380251779278584	-1.0	8.105511230843673
	27.254325312810288	-1.0	8.049516583382589
	27.12897800372467	-1.0	7.993909505621023
	27.004207188377737	-1.0	7.938687307957297
	26.88001021537606	-1.0	7.883847319544678
	26.756384445520453	-1.0	7.829386888159688
	26.633327251749822	-1.0	7.775303380071257
	26.51083601908538	-1.0	7.721594179910898
	26.388908144575108	-1.0	7.668256690543761
	26.267541037238377	-1.0	7.615288332940607
	26.146732118010917	-1.0	7.562686546050685
	26.026478819690052	-1.0	7.5104487866755605
	25.906778586880083	-1.0	7.458572529343748
	25.78762887593802	-1.0	7.4070552661863305
	25.669027154919505	-1.0	7.355894506813387
	25.55097090352507	-1.0	7.305087778191368
	25.433457613046496	-1.0	7.254632624521263
	25.316484786313545	-1.0	7.2045266071176925
	25.200049937640927	-1.0	7.154767304288852
	25.084150592775405	-1.0	7.105352311217262
	24.968784288843263	-1.0	7.056279239841413
	24.853948574297995	-1.0	7.007545718738256
	24.73964100886814	-1.0	6.959149393006462
	24.625859163505467	-1.0	6.911087924150573
	24.512600620333387	-1.0	6.863358989965973
	24.399862972595503	-1.0	6.815960284424617
	24.28764382460452	-1.0	6.768889517561632
	24.1759407916913	-1.0	6.722144415362696
	24.064751500154248	-1.0	6.675722719652221
	23.954073587208786	-1.0	6.629622187982306
	23.843904700937202	-1.0	6.583840593522517
	23.734242500238672	-1.0	6.538375724950429
	23.625084654779474	-1.0	6.49322538634292
	23.516428844943487	-1.0	6.448387397068268
	23.408272761782932	-1.0	6.403859591679023
	23.30061410696925	-1.0	6.35963981980558
	23.19345059274428	-1.0	6.315725946050558
	23.08677994187169	-1.0	6.272115849883924
	22.980599887588518	-1.0	6.2288074255388235
	22.874908173557035	-1.0	6.185798581908182
	22.769702553816796	-1.0	6.143087242442027
	22.664980792736937	-1.0	6.10067134504555
	22.560740664968613	-1.0	6.058548841977848
	22.456979955397742	-1.0	6.016717699751437
	22.353696459097954	-1.0	5.975175899032445
	22.250887981283697	-1.0	5.933921434541512
	22.148552337263595	-1.0	5.892952314955387
	22.04668735239409	-1.0	5.8522665628092625
	21.945290862033143	-1.0	5.811862214399724
	21.844360711494268	-1.0	5.771737319688455
	21.743894756000795	-1.0	5.731889942206605
	21.643890860640212	-1.0	5.6923181589597975
	21.544346900318843	-1.0	5.653020060333855
	21.445260759716675	-1.0	5.613993750001171
	21.346630333242445	-1.0	5.57523734482775
	21.248453524988832	-1.0	5.53674897478089
	21.15072824868795	-1.0	5.498526782837526
	21.053452427667054	-1.0	5.4605689248932485
	20.956623994804335	-1.0	5.4228735696719
	20.860240892485034	-1.0	5.385438898635877
	20.764301072557746	-1.0	5.348263105897036
	20.66880249629083	-1.0	5.311344398128212
	20.573743134329128	-1.0	5.274680994475396
	20.479120966650857	-1.0	5.238271126470523
	20.384933982524633	-1.0	5.202113037944848
	20.291180180466785	-1.0	5.166204984942976
	20.19785756819879	-1.0	5.1305452356374595
	20.104964162604986	-1.0	5.095132070244045
	20.012497989690377	-1.0	5.0599637809374585
	19.9204570845387	-1.0	5.025038671767835
	19.828839491270713	-1.0	4.9903550585777285
	19.737643263002564	-1.0	4.955911268919669
	19.646866461804457	-1.0	4.921705641974359
	19.556507158659493	-1.0	4.887736528469416
	19.466563433422625	-1.0	4.854002290598672
	19.377033374779884	-1.0	4.82050130194208
	19.28791508020778	-1.0	4.787231947386164
	19.199206655932844	-1.0	4.754192623045028
	19.110906216891387	-1.0	4.721381736181924
	19.023011886689446	-1.0	4.688797705131384
	18.935521797562952	-1.0	4.656438959221897
	18.848434090337964	-1.0	4.624303938699106
	18.761746914391207	-1.0	4.592391094649587
	18.675458427610764	-1.0	4.560698888925143
	18.589566796356877	-1.0	4.52922579406762
	18.504070195423015	-1.0	4.49797029323428
	18.418966807997112	-1.0	4.466930880123687
	18.334254825622903	-1.0	4.436106058902108
	18.249932448161523	-1.0	4.405494344130431
	18.165997883753274	-1.0	4.375094260691634
	18.082449348779516	-1.0	4.344904343718708
	17.999285067824765	-1.0	4.314923138523123
	17.916503273639005	-1.0	4.285149200523809
	17.834102207100084	-1.0	4.255581095176595
	17.752080117176355	-1.0	4.226217397904179
	17.670435260889462	-1.0	4.1970566940265845
	17.58916590327733	-1.0	4.168097578692103
	17.508270317357248	-1.0	4.1393386568087145
	17.42774678408919	-1.0	4.110778542976005
	17.347593592339315	-1.0	4.082415861417558
	17.26780903884356	-1.0	4.054249245913819
	17.188391428171457	-1.0	4.026277339735423
	17.109339072690144	-1.0	3.9984987955770337
	17.030650292528446	-1.0	3.97091227549158
	16.9523234155412	-1.0	3.9435164508250082
	16.874356777273753	-1.0	3.916310002151488
	16.796748720926537	-1.0	3.889291619209042
	16.719497597319897	-1.0	3.8624600008356595
	16.642601764859034	-1.0	3.8358138549058505
	16.566059589499144	-1.0	3.8093518982676464
	16.48986944471065	-1.0	3.783072856680029
	16.414029711444666	-1.0	3.756975464750823
	16.338538778098613	-1.0	3.731058465875019
	16.263395040481925	-1.0	3.705320612173511
	16.18859690178198	-1.0	3.679760664432285
	16.114142772530194	-1.0	3.654377392042036
	16.040031070568205	-1.0	3.629169572938194
	15.966260221014258	-1.0	3.604135993541375
	15.89282865622978	-1.0	3.5792754486982723
	15.819734815786006	-1.0	3.5545867416229306
	15.746977146430867	-1.0	3.5300686838384543
	15.674554102055952	-1.0	3.5057200951191123
	15.60246414366369	-1.0	3.48153980343287
	15.530705739334604	-1.0	3.457526644884299
	15.459277364194774	-1.0	3.433679463657901
	15.388177500383462	-1.0	3.4099971119618404
	15.317404637020804	-1.0	3.386478449972042
	15.246957270175738	-1.0	3.3631223457767128
	15.176833902834053	-1.0	3.339927675321243
	15.107033044866549	-1.0	3.316893322353473
	15.037553212997379	-1.0	3.294018178369383
	14.968392930772557	-1.0	3.2713011425591363
	14.899550728528547	-1.0	3.2487411217535005
	14.831025143361048	-1.0	3.226337030370665
	14.7628147190939	-1.0	3.2040877903634093
	14.69491800624817	-1.0	3.1819923311666667
	14.627333562011305	-1.0	3.160049589645423
	14.560059950206492	-1.0	3.1382585100430136
	14.493095741262167	-1.0	3.1166180439297673
	14.426439512181581	-1.0	3.0951271501520035
	14.3600898465126	-1.0	3.073784794781406
	14.294045334317612	-1.0	3.052589951064742
	14.22830457214353	-1.0	3.0315415993739245
	14.162866162991985	-1.0	3.010638727156442
	14.097728716289668	-1.0	2.9898803288861284
	14.032890847858729	-1.0	2.969265406014277
	13.968351179887403	-1.0	2.948792966921094
	13.904108340900704	-1.0	2.928462026867501
	13.840160965731316	-1.0	2.9082716079472717
	13.776507695490544	-1.0	2.8882207390395025
	13.713147177539451	-1.0	2.868308455761415
	13.650078065460141	-1.0	2.8485338004214995
	13.587299019027101	-1.0	2.8288958219729663
	13.524808704178751	-1.0	2.80939357596755
	13.462605792989102	-1.0	2.7900261245096183
	13.400688963639505	-1.0	2.7707925362106036
	13.339056900390586	-1.0	2.751691886143765
	13.277708293554298	-1.0	2.7327232557992622
	13.216641839466051	-1.0	2.713885733039532
	13.155856240457046	-1.0	2.6951784120549998
	13.095350204826673	-1.0	2.676600393320083
	13.035122446815093	-1.0	2.658150783549516
	12.975171686575878	-1.0	2.639828695654965
	12.915496650148839	-1.0	2.621633248701965
	12.856096069432956	-1.0	2.6035635678671487
	12.796968682159415	-1.0	2.58561878439577
	12.738113231864785	-1.0	2.5677980355595373
	12.679528467864346	-1.0	2.550100464614736
	12.621213145225475	-1.0	2.532525220760641
	12.563166024741204	-1.0	2.515071459098222
	12.50538587290391	-1.0	2.4977383405891493
	12.447871461879064	-1.0	2.4805250320150662
	12.39062156947916	-1.0	2.463430705937159
	12.333634979137758	-1.0	2.44645454065602
	12.276910479883597	-1.0	2.429595720171763
	12.220446866314886	-1.0	2.412853434144446
	12.16424293857368	-1.0	2.3962268778547546
	12.1082975023204	-1.0	2.3797152521649743
	12.052609368708428	-1.0	2.363317763480216
	11.997177354358845	-1.0	2.347033623709929
	11.942000281335321	-1.0	2.330862050229686
	11.887076977119037	-1.0	2.314802265843218
	11.832406274583784	-1.0	2.298853498744727
	11.777987011971192	-1.0	2.28301498248147
	11.72381803286599	-1.0	2.2672859559165826
	11.66989818617147	-1.0	2.2516656631921825
	11.61622632608502	-1.0	2.2361533536927274
	11.562801312073761	-1.0	2.220748282008617
	11.509622008850325	-1.0	2.205449707900066
	11.456687286348718	-1.0	2.1902568962612174
	11.403996019700328	-1.0	2.175169117084521
	11.351547089209994	-1.0	2.1601856454253414
	11.29933938033222	-1.0	2.1453057613668265
	11.247371783647518	-1.0	2.1305287499850274
	11.195643194838787	-1.0	2.115853901314245
	11.144152514667876	-1.0	2.1012805103126295
	11.092898648952229	-1.0	2.0868078768280265
	11.041880508541608	-1.0	2.072435305564045
	10.991097009294968	-1.0	2.0581621060463777
	10.940547072057427	-1.0	2.043987592589353
	10.890229622637303	-1.0	2.029911084262712
	10.840143591783313	-1.0	2.0159319048586313
	10.79028791516184	-1.0	2.0020493828589685
	10.740661533334332	-1.0	1.9882628514027374
	10.691263391734767	-1.0	1.9745716482538151
	10.642092440647241	-1.0	1.96097511576886
	10.593147635183701	-1.0	1.9474726008654821
	10.544427935261691	-1.0	1.9340634549906046
	10.495932305582274	-1.0	1.9207470340890656
	10.447659715608044	-1.0	1.907522698572439
	10.3996091395412	-1.0	1.8943898132880612
	10.35177955630176	-1.0	1.8813477474882863
	10.304169949505878	-1.0	1.8683958747999523
	10.256779307444218	-1.0	1.8555335731940588
	10.20960662306047	-1.0	1.8427602249556558
	10.162650893929948	-1.0	1.8300752166539465
	10.115911122238298	-1.0	1.8174779391126017
	10.069386314760278	-1.0	1.8049677873802712
	10.023075482838651	-1.0	1.7925441607013086
	9.976977642363204	-1.0	1.780206462486703
	9.931091813749799	-1.0	1.7679541002852077
	9.885417021919572	-1.0	1.75578648575467
	9.83995229627823	-1.0	1.7437030346335716
	9.794696670695394	-1.0	1.7317031667127534
	9.749649183484086	-1.0	1.7197863058073477
	9.704808877380302	-1.0	1.7079518797289077
	9.660174799522647	-1.0	1.696199320257719
	9.615746001432102	-1.0	1.6845280631153206
	9.571521538991863	-1.0	1.6729375479372053
	9.527500472427294	-1.0	1.661427218245721
	9.483681866285925	-1.0	1.6499965214231496
	9.440064789417603	-1.0	1.6386449086849852
	9.396648314954694	-1.0	1.6273718350533928
	9.353431520292386	-1.0	1.6161767593308518
	9.310413487069075	-1.0	1.6050591440739859
	9.26759330114688	-1.0	1.5940184555675774
	9.224970052592175	-1.0	1.5830541637987563
	9.182542835656283	-1.0	1.5721657424313764
	9.14031074875623	-1.0	1.561352668780569
	9.098272894455562	-1.0	1.5506144237874702
	9.056428379445293	-1.0	1.5399504919941271
	9.014776314524918	-1.0	1.5293603615185811
	8.973315814583524	-1.0	1.5188435240301261
	8.932045998580968	-1.0	1.5083994747247305
	8.890965989529159	-1.0	1.4980277123006398
	8.850074914473435	-1.0	1.48772773893415
	8.809371904473993	-1.0	1.4774990602555411
	8.768856094587429	-1.0	1.4673411853251865
	8.728526623848378	-1.0	1.4572536266098304
	8.688382635251187	-1.0	1.4472358999590207
	8.648423275731721	-1.0	1.4372875245817154
	8.608647696149244	-1.0	1.4274080230230546
	8.569055051268352	-1.0	1.4175969211412809
	8.529644499741021	-1.0	1.4078537480848334
	8.490415204088748	-1.0	1.398178036269604
	8.451366330684719	-1.0	1.388569321356333
	8.41249704973612	-1.0	1.379027142228187
	8.373806535266493	-1.0	1.3695510409684752
	8.335293965098193	-1.0	1.360140562838531
	8.29695852083491	-1.0	1.350795256255743
	8.258799387844267	-1.0	1.341514672771739
	8.22081575524054	-1.0	1.3322983670507298
	8.183006815867394	-1.0	1.3231458968479903
	8.145371766280743	-1.0	1.3140568229885032
	8.107909806731687	-1.0	1.3050307093457487
	8.070620141149504	-1.0	1.2960671228206362
	8.033501977124732	-1.0	1.2871656333205876
	7.996554525892349	-1.0	1.2783258137387712
	7.9597770023149845	-1.0	1.2695472399334686
	7.923168624866257	-1.0	1.2608294907075952
	7.886728615614151	-1.0	1.2521721477883598
	7.850456200204509	-1.0	1.2435747958070698
	7.814350607844546	-1.0	1.2350370222790679
	7.778411071286487	-1.0	1.2265584175838198
	7.742636826811271	-1.0	1.2181385749451341
	7.707027114212301	-1.0	1.2097770904115217
	7.6715811767793	-1.0	1.201473562836691
	7.636298261282244	-1.0	1.1932275938601835
	7.601177617955329	-1.0	1.1850387878881374
	7.566218500481055	-1.0	1.1769067520741898
	7.531420165974372	-1.0	1.1688310963005146
	7.496781874966877	-1.0	1.1608114331589838
	7.462302891391112	-1.0	1.1528473779324695
	7.427982482564915	-1.0	1.1449385485762684
	7.393819919175868	-1.0	1.1370845656996655
	7.359814475265767	-1.0	1.1292850525476132
	7.3259654282152304	-1.0	1.12153963498255
	7.292272058728315	-1.0	1.113847941466337
	7.258733650817251	-1.0	1.1062096030423285
	7.225349491787215	-1.0	1.0986242533175605
	7.192118872221189	-1.0	1.0910915284450657
	7.159041085964889	-1.0	1.0836110671063144
	7.1261154301117475	-1.0	1.0761825104937706
	7.093341204987994	-1.0	1.068805502293581
	7.060717714137774	-1.0	1.0614796886683717
	7.028244264308349	-1.0	1.0542047182401733
	6.995920165435373	-1.0	1.0469802420734629
	6.963744730628225	-1.0	1.039805913658323
	6.931717276155405	-1.0	1.0326813888937183
	6.89983712143002	-1.0	1.0256063260708885
	6.868103588995304	-1.0	1.0185803858568583
	6.836516004510237	-1.0	1.011603231278061
	6.805073696735209	-1.0	1.004674527704075
	6.77377599751775	-1.0	0.9977939428314753
	6.742622241778344	-1.0	0.9909611466677977
	6.711611767496284	-1.0	0.984175811515611
	6.680743915695613	-1.0	0.9774376119567059
	6.650018030431121	-1.0	0.9707462248363893
	6.619433458774393	-1.0	0.9641013292478875
	6.588989550799949	-1.0	0.9575026065168619
	6.558685659571433	-1.0	0.9509497401860311
	6.528521141127847	-1.0	0.9444424159998942
	6.498495354469891	-1.0	0.9379803218895703
	6.468607661546326	-1.0	0.9315631479577355
	6.4388574272404195	-1.0	0.9251905864636684
	6.4092440193564535	-1.0	0.9188623318083977
	6.3797668086062815	-1.0	0.912578080519955
	6.350425168595963	-1.0	0.9063375312387276
	6.321218475812453	-1.0	0.9001403847029158
	6.292146109610345	-1.0	0.8939863437340887
	6.26320745219869	-1.0	0.8878751132228434
	6.234401888627863	-1.0	0.8818064001145594
	6.205728806776501	-1.0	0.8757799133952574
	6.177187597338492	-1.0	0.8697953640775516
	6.148777653810023	-1.0	0.8638524651867018
	6.120498372476701	-1.0	0.8579509317467631
	6.092349152400711	-1.0	0.8520904807668279
	6.064329395408063	-1.0	0.8462708312273698
	6.036438506075869	-1.0	0.8404917040666767
	6.008675891719687	-1.0	0.8347528221673786
	5.98104096238094	-1.0	0.8290539103430732
	5.953533130814369	-1.0	0.8233946953250394
	5.9261518124755534	-1.0	0.8177749057490443
	5.8988964255084975	-1.0	0.8121942721422454
	5.871766390733256	-1.0	0.8066525269101753
	5.844761131633634	-1.0	0.8011494043238273
	5.817880074344934	-1.0	0.7956846405068205
	5.791122647641759	-1.0	0.7902579734226616
	5.7644882829258774	-1.0	0.784869142862089
	5.737976414214134	-1.0	0.779517890430509
	5.711586478126431	-1.0	0.7742039595355161
	5.685317913873753	-1.0	0.768927095374502
	5.659170163246244	-1.0	0.7636870449223472
	5.633142670601355	-1.0	0.7584835569192018
	5.607234882852033	-1.0	0.7533163818583475
	5.581446249454963	-1.0	0.7481852719741444
	5.555776222398878	-1.0	0.7430899812300638
	5.530224256192901	-1.0	0.7380302653067972
	5.504789807854971	-1.0	0.7330058815904569
	5.479472336900288	-1.0	0.7280165891608489
	5.454271305329833	-1.0	0.7230621487798321
	5.429186177618942	-1.0	0.7181423228797581
	5.404216420705916	-1.0	0.7132568755519856
	5.379361503980701	-1.0	0.708405572535482
	5.354620899273608	-1.0	0.7035881812054963
	5.32999408084409	-1.0	0.6988044705623138
	5.305480525369573	-1.0	0.6940542112200889
	5.281079711934332	-1.0	0.6893371753957519
	5.256791122018423	-1.0	0.6846531368979952
	5.232614239486662	-1.0	0.6800018711163326
	5.208548550577662	-1.0	0.6753831550102367
	5.184593543892912	-1.0	0.670796767098349
	5.160748710385909	-1.0	0.6662424874477652
	5.137013543351342	-1.0	0.6617200976633926
	5.113387538414326	-1.0	0.6572293808773835
	5.089870193519682	-1.0	0.6527701217386386
	5.066461008921268	-1.0	0.6483421064023828
	5.04315948717136	-1.0	0.6439451225198142
	5.019965133110082	-1.0	0.6395789592278217
	4.996877453854883	-1.0	0.6352434071387756
	4.973895958790065	-1.0	0.630938258330386
	4.95102015955635	-1.0	0.6266633063356309
	4.9282495700405144	-1.0	0.6224183461327555
	4.905583706365048	-1.0	0.6182031741353361
	4.8830220868778795	-1.0	0.6140175881824159
	4.860564232142136	-1.0	0.6098613875287054
	4.838209664925956	-1.0	0.6057343728348499
	4.815957910192351	-1.0	0.6016363461577653
	4.79380849508911	-1.0	0.5975671109410382
	4.771760948938746	-1.0	0.5935264720053915
	4.749814803228502	-1.0	0.589514235539215
	4.72796959160039	-1.0	0.5855302090891613
	4.7062248498412815	-1.0	0.5815742015508042
	4.6845801158730485	-1.0	0.5776460231593629
	4.663034929742731	-1.0	0.5737454854804844
	4.641588833612779	-1.0	0.5698724014010955
	4.620241371751312	-1.0	0.5660265851203106
	4.598992090522438	-1.0	0.5622078521404028
	4.577840538376619	-1.0	0.5584160192578398
	4.556786265841064	-1.0	0.5546509045543735
	4.535828825510188	-1.0	0.5509123273881964
	4.514967772036101	-1.0	0.5472001083851538
	4.494202662119142	-1.0	0.5435140694300159
	4.473533054498466	-1.0	0.5398540336578106
	4.452958509942655	-1.0	0.5362198254452112
	4.432478591240398	-1.0	0.5326112704019857
	4.412092863191189	-1.0	0.5290281953625008
	4.391800892596087	-1.0	0.5254704283772836
	4.3716022482485055	-1.0	0.5219377987046416
	4.35149650092505	-1.0	0.518430136802335
	4.3314832233764	-1.0	0.5149472743193091
	4.311561990318228	-1.0	0.5114890440874788
	4.291732378422158	-1.0	0.5080552801135685
	4.271993966306779	-1.0	0.5046458175710078
	4.252346334528682	-1.0	0.5012604927918791
	4.23278906557355	-1.0	0.49789914325892
	4.213321743847288	-1.0	0.4945616075975788
	4.193943955667187	-1.0	0.49124772556812124
	4.174655289253137	-1.0	0.4879573380577915
	4.155455334718876	-1.0	0.4846902870730241
	4.136343684063275	-1.0	0.4814464157317055
	4.117319931161678	-1.0	0.47822556825549045
	4.098383671757262	-1.0	0.47502758996216543
	4.079534503452451	-1.0	0.471852327258063
	4.060772025700365	-1.0	0.46869962763052797
	4.042095839796307	-1.0	0.46556933964043
	4.0235055488692915	-1.0	0.4624613129147271
	4.005000757873612	-1.0	0.459375398139077
	3.9865810735804406	-1.0	0.4563114470504959
	3.9682461045694817	-1.0	0.45326931243006685
	3.9499954612206443	-1.0	0.4502488480956934
	3.931828755705769	-1.0	0.4472499088949011
	3.9137456019803847	-1.0	0.44427235069768634
	3.895745615775503	-1.0	0.4413160303894091
	3.8778284145894566	-1.0	0.4383808058637342
	3.8599936176797685	-1.0	0.43546653601561536
	3.8422408460550597	-1.0	0.4325730807343267
	3.824569722467	-1.0	0.42970030089653594
	3.806979871402286	-1.0	0.4268480583594249
	3.789470919074667	-1.0	0.42401621595385103
	3.7720424934169987	-1.0	0.4212046374775552
	3.7546942240733356	-1.0	0.4184131876884094
	3.737425742391065	-1.0	0.4156417322977102
	3.720236681413068	-1.0	0.4128901379635117
	3.7031266758699264	-1.0	0.41015827228400314
	3.6860953621721593	-1.0	0.4074460037909264
	3.669142378402493	-1.0	0.4047532019430343
	3.6522673643081753	-1.0	0.4020797371195915
	3.6354699612933197	-1.0	0.3994254806139149
	3.61874981241128	-1.0	0.39679030462695314
	3.6021065623570716	-1.0	0.3941740822609081
	3.585539857459816	-1.0	0.3915766875128935
	3.5690493456752295	-1.0	0.3889979952686345
	3.5526346765781414	-1.0	0.386437881296205
	3.5362955013550423	-1.0	0.3838962222398022
	3.5200314727966795	-1.0	0.381372895613562
	3.5038422452906746	-1.0	0.3788677797954089
	3.4877274748141778	-1.0	0.3763807540209452
	3.4716868189265613	-1.0	0.3739116983773766
	3.4557199367621387	-1.0	0.3714604937974739
	3.4398264890229253	-1.0	0.36902702205357185
	3.4240061379714244	-1.0	0.3666111657516026
	3.408258547423452	-1.0	0.3642128083251661
	3.3925833827409937	-1.0	0.36183183402963515
	3.376980310825091	-1.0	0.3594681279362948
	3.361449000108766	-1.0	0.35712157592651717
	3.345989120549974	-1.0	0.3547920646859699
	3.330600343624589	-1.0	0.3524794816988588
	3.315282342319424	-1.0	0.350183715242204
	3.300034791125285	-1.0	0.3479046543801493
	3.284857366030044	-1.0	0.34564218895830384
	3.269749744511767	-1.0	0.3433962095981182
	3.254711605531848	-1.0	0.34116660769129
	3.239742629528197	-1.0	0.33895327539420433
	3.224842498408442	-1.0	0.33675610562240355
	3.210010895543172	-1.0	0.33457499204508945
	3.195247505759213	-1.0	0.33240982907965694
	3.18055201533292	-1.0	0.33026051188625666
	3.165924111983522	-1.0	0.3281269363623903
	3.151363484866479	-1.0	0.3260089991375341
	3.1368698245668774	-1.0	0.3239065975677928
	3.1224428230928565	-1.0	0.32181962973058353
	3.108082173869064	-1.0	0.31974799441934915
	3.0937875717301377	-1.0	0.31769159113829787
	3.0795587129142263	-1.0	0.3156503200971757
	3.0653952950565273	-1.0	0.3136240822060634
	3.0512970171828693	-1.0	0.3116127790702041
	3.037263579703312	-1.0	0.30961631298485726
	3.0232946844057778	-1.0	0.30763458693017964
	3.009390034449721	-1.0	0.3056675045661359
	2.995549334359814	-1.0	0.3037149702274331
	2.981772290019672	-1.0	0.30177688891848375
	2.9680586086656024	-1.0	0.2998531663083949
	2.954407998880381	-1.0	0.297943708725983
	2.9408201705870627	-1.0	0.29604842315481433
	2.9272948350428165	-1.0	0.29416721722827216
	2.9138317048327873	-1.0	0.2922999992246477
	2.900430493863992	-1.0	0.29044667806225766
	2.887090917359236	-1.0	0.28860716329458513
	2.8738126918510654	-1.0	0.28678136510544644
	2.860595535175743	-1.0	0.2849691943041817
	2.8474391664672467	-1.0	0.2831705623208684
	2.834343306151309	-1.0	0.2813853812015609
	2.821307675939472	-1.0	0.27961356360355255
	2.8083319988231716	-1.0	0.27785502279066
	2.795415999067857	-1.0	0.2761096726285332
	2.7825594022071245	-1.0	0.2743774275799861
	2.7697619350368905	-1.0	0.27265820270035135
	2.757023325609584	-1.0	0.2709519136328566
	2.744343303228365	-1.0	0.2692584766040242
	2.731721598441377	-1.0	0.26757780841909196
	2.7191579430360178	-1.0	0.26590982645745637
	2.7066520700332415	-1.0	0.2642544486681377
	2.6942037136818833	-1.0	0.26261159356526564
	2.681812609453015	-1.0	0.26098118022358757
	2.6694784940343212	-1.0	0.25936312827399705
	2.6572011053245057	-1.0	0.25775735789908366
	2.6449801824277195	-1.0	0.2561637898287032
	2.632815465648021	-1.0	0.2545823453355695
	2.6207066964838517	-1.0	0.25301294623086557
	2.6086536176225485	-1.0	0.2514555148598758
	2.5966559729348715	-1.0	0.24990997409763774
	2.5847135074695635	-1.0	0.24837624734461472
	2.5728259674479332	-1.0	0.24685425852238768
	2.5609931002584587	-1.0	0.24534393206936672
	2.549214654451424	-1.0	0.24384519293652274
	2.5374903797335704	-1.0	0.24235796658313813
	2.5258200269627844	-1.0	0.24088217897257738
	2.5142033481427974	-1.0	0.23941775656807615
	2.5026400964179185	-1.0	0.23796462632855012
	2.491130026067789	-1.0	0.23652271570442296
	2.4796728925021587	-1.0	0.23509195263347285
	2.468268452255692	-1.0	0.23367226553669812
	2.456916462982791	-1.0	0.23226358331420177
	2.4456166834524455	-1.0	0.23086583534109462
	2.434368873543111	-1.0	0.2294789514634173
	2.4231727942375993	-1.0	0.22810286199408025
	2.412028207618007	-1.0	0.22673749770882373
	2.400934876860653	-1.0	0.22538278984219426
	2.3898925662310493	-1.0	0.2240386700835416
	2.3789010410788936	-1.0	0.22270507057303288
	2.3679600678330774	-1.0	0.22138192389768552
	2.3570694139967276	-1.0	0.2200691630874188
	2.346228848142263	-1.0	0.21876672161112368
	2.3354381399064787	-1.0	0.21747453337275086
	2.324697059985648	-1.0	0.21619253270741756
	2.314005380130653	-1.0	0.2149206543775326
	2.303362873142131	-1.0	0.2136588335689399
	2.2927693128656492	-1.0	0.21240700588708059
	2.282224474186898	-1.0	0.21116510735317365
	2.2717281330269055	-1.0	0.20993307440041484
	2.261280066337278	-1.0	0.2087108438701947
	2.2508800520954613	-1.0	0.2074983530083351
	2.240527869300019	-1.0	0.20629553946134435
	2.2302232979659378	-1.0	0.2051023412726911
	2.219966119119955	-1.0	0.20391869687909817
	2.209756114795902	-1.0	0.20274454510685347
	2.1995930680300746	-1.0	0.20157982516814218
	2.1894767628566214	-1.0	0.20042447665739682
	2.1794069843029553	-1.0	0.19927843954766689
	2.1693835183851844	-1.0	0.19814165418700835
	2.1594061521035663	-1.0	0.19701406129489263
	2.14947467343798	-1.0	0.19589560195863504
	2.139588871343422	-1.0	0.19478621762984352
	2.12974853574552	-1.0	0.19368585012088735
	2.119953457536071	-1.0	0.192594441601386
	2.1102034285685956	-1.0	0.1915119345947184
	2.100498241653915	-1.0	0.19043827197455307
	2.090837690555751	-1.0	0.18937339696139863
	2.0812215699863383	-1.0	0.18831725311917558
	2.0716496756020693	-1.0	0.18726978435180947
	2.0621218039991436	-1.0	0.18623093489984477
	2.052637752709252	-1.0	0.18520064933708114
	2.043197320195271	-1.0	0.1841788725672312
	2.0338003058469813	-1.0	0.18316554982060046
	2.024446509976804	-1.0	0.18216062665078928
	2.0151357338155576	-1.0	0.18116404893141805
	2.005867779508234	-1.0	0.18017576285287476
	1.996642450109794	-1.0	0.1791957149190855
	1.987459549580983	-1.0	0.17822385194430904
	1.9783188827841645	-1.0	0.17726012104995417
	1.9692202554791722	-1.0	0.17630446966142152
	1.9601634743191854	-1.0	0.17535684550496966
	1.9511483468466169	-1.0	0.1744171966046052
	1.9421746814890257	-1.0	0.1734854712789981
	1.9332422875550455	-1.0	0.17256161813842202
	1.9243509752303312	-1.0	0.1716455860817198
	1.9155005555735276	-1.0	0.17073732429329513
	1.9066908405122525	-1.0	0.16983678224012966
	1.8979216428391008	-1.0	0.168943909668827
	1.8891927762076663	-1.0	0.16805865660268282
	1.8805040551285823	-1.0	0.16718097333878296
	1.871855294965579	-1.0	0.16631081044512708
	1.8632463119315603	-1.0	0.16544811875778204
	1.8546769230846987	-1.0	0.16459284937806154
	1.8461469463245477	-1.0	0.16374495366973535
	1.8376562003881713	-1.0	0.162904383256266
	1.8292045048462935	-1.0	0.1620710900180756
	1.8207916800994628	-1.0	0.16124502608984115
	1.812417547374237	-1.0	0.16042614385781995
	1.8040819287193828	-1.0	0.15961439595720472
	1.7957846470020957	-1.0	0.15880973526950942
	1.7875255259042353	-1.0	0.1580121149199852
	1.7793043899185776	-1.0	0.15722148827506788
	1.7711210643450879	-1.0	0.15643780893985662
	1.7629753752872057	-1.0	0.1556610307556239
	1.7548671496481512	-1.0	0.15489110779735804
	1.7467962151272454	-1.0	0.1541279943713375
	1.7387624002162507	-1.0	0.15337164501273828
	1.730765534195725	-1.0	0.15262201448327425
	1.722805447131394	-1.0	0.15187905776887006
	1.7148819698705398	-1.0	0.15114273007736845
	1.7069949340384076	-1.0	0.1504129868362712
	1.6991441720346263	-1.0	0.14968978369051383
	1.691329517029648	-1.0	0.14897307650027541
	1.6835508029612023	-1.0	0.14826282133882246
	1.6758078645307677	-1.0	0.14755897449038846
	1.6681005372000588	-1.0	0.146861492448088
	1.66042865718753	-1.0	0.14617033191186712
	1.652792061464895	-1.0	0.1454854497864889
	1.6451905877536626	-1.0	0.14480680317955522
	1.637624074521688	-1.0	0.14413434939956504
	1.6300923609797409	-1.0	0.1434680459540088
	1.6225952870780873	-1.0	0.1428078505474993
	1.6151326935030905	-1.0	0.14215372107994037
	1.6077044216738237	-1.0	0.14150561564473127
	1.6003103137387007	-1.0	0.14086349252700947
	1.5929502125721227	-1.0	0.14022731020193013
	1.5856239617711374	-1.0	0.1395970273329833
	1.5783314056521174	-1.0	0.13897260277034876
	1.5710723892474503	-1.0	0.1383539955492888
	1.5638467583022468	-1.0	0.13774116488857843
	1.5566543592710615	-1.0	0.13713407018897414
	1.5494950393146318	-1.0	0.13653267103172004
	1.5423686462966282	-1.0	0.1359369271770927
	1.5352750287804227	-1.0	0.1353467985629838
	1.5282140360258698	-1.0	0.13476224530352088
	1.5211855179861045	-1.0	0.13418322768772648
	1.5141893253043521	-1.0	0.13360970617821513
	1.5072253093107564	-1.0	0.1330416414099289
	1.5002933220192183	-1.0	0.13247899418891074
	1.4933932161242525	-1.0	0.13192172549111553
	1.4865248449978568	-1.0	0.13136979646125993
	1.4796880626863966	-1.0	0.13082316841170938
	1.4728827239075026	-1.0	0.13028180282140286
	1.4661086840469844	-1.0	0.12974566133481558
	1.4593657991557567	-1.0	0.12921470576095903
	1.4526539259467808	-1.0	0.12868889807241798
	1.4459729217920199	-1.0	0.128168200404425
	1.4393226447194072	-1.0	0.1276525750539715
	1.4327029534098308	-1.0	0.12714198447895556
	1.4261137071941288	-1.0	0.12663639129736623
	1.4195547660501011	-1.0	0.12613575828650375
	1.413025990599534	-1.0	0.12564004838223583
	1.4065272421052373	-1.0	0.12514922467828918
	1.4000583824680974	-1.0	0.12466325042557654
	1.3936192742241424	-1.0	0.1241820890315585
	1.3872097805416206	-1.0	0.12370570405963954
	1.3808297652180925	-1.0	0.12323405922859859
	1.3744790926775374	-1.0	0.12276711841205307
	1.3681576279674719	-1.0	0.12230484563795625
	1.3618652367560817	-1.0	0.12184720508812757
	1.3556017853293685	-1.0	0.12139416109781531
	1.3493671405883065	-1.0	0.1209456781552911
	1.343161170046016	-1.0	0.12050172090147614
	1.3369837418249466	-1.0	0.12006225412959798
	1.330834724654075	-1.0	0.11962724278487816
	1.3247139878661172	-1.0	0.11919665196424943
	1.3186214013947486	-1.0	0.1187704469161023
	1.3125568357718436	-1.0	0.11834859304006065
	1.306520162124721	-1.0	0.11793105588678494
	1.300511252173409	-1.0	0.11751780115780375
	1.2945299782279156	-1.0	0.11710879470537157
	1.288576213185518	-1.0	0.11670400253235343
	1.2826498305280605	-1.0	0.11630339079213481
	1.2767507043192656	-1.0	0.11590692578855699
	1.2708787092020586	-1.0	0.11551457397587646
	1.2650337203959034	-1.0	0.11512630195874818
	1.259215613694151	-1.0	0.11474207649223181
	1.2534242654614	-1.0	0.11436186448182017
	1.2476595526308696	-1.0	0.11398563298348954
	1.2419213527017836	-1.0	0.11361334920377052
	1.2362095437367686	-1.0	0.11324498049983917
	1.2305240043592616	-1.0	0.1128804943796278
	1.2248646137509314	-1.0	0.11251985850195408
	1.2192312516491106	-1.0	0.11216304067666832
	1.2136237983442408	-1.0	0.11181000886481783
	1.2080421346773285	-1.0	0.11146073117882777
	1.2024861420374124	-1.0	0.11111517588269759
	1.1969557023590434	-1.0	0.11077331139221239
	1.1914506981197759	-1.0	0.11043510627516849
	1.1859710123376697	-1.0	0.11010052925161212
	1.180516528568805	-1.0	0.10976954919409104
	1.1750871309048077	-1.0	0.10944213512791745
	1.1696827039703852	-1.0	0.10911825623144258
	1.1643031329208766	-1.0	0.10879788183634083
	1.158948303439811	-1.0	0.10848098142790402
	1.1536181017364782	-1.0	0.10816752464534377
	1.148312414543511	-1.0	0.10785748128210225
	1.1430311291144792	-1.0	0.10755082128616994
	1.1377741332214912	-1.0	0.1072475147604096
	1.1325413151528119	-1.0	0.1069475319628862
	1.1273325637104867	-1.0	0.10665084330720145
	1.1221477682079803	-1.0	0.1063574193628327
	1.116986818467823	-1.0	0.10606723085547497
	1.1118496048192708	-1.0	0.10578024866738588
	1.1067360180959736	-1.0	0.10549644383773234
	1.1016459496336566	-1.0	0.1052157875629385
	1.0965792912678098	-1.0	0.1049382511970342
	1.0915359353313916	-1.0	0.1046638062520031
	1.0865157746525382	-1.0	0.10439242439813012
	1.0815187025522883	-1.0	0.10412407746434703
	1.0765446128423155	-1.0	0.10385873743857602
	1.0715933998226712	-1.0	0.10359637646807007
	1.0666649582795393	-1.0	0.10333696685975005
	1.061759183483	-1.0	0.10308048108053736
	1.0568759711848041	-1.0	0.10282689175768181
	1.0520152176161586	-1.0	0.10257617167908413
	1.0471768194855202	-1.0	0.10232829379361236
	1.0423606739764015	-1.0	0.10208323121141145
	1.0375666787451858	-1.0	0.1018409572042061
	1.0327947319189517	-1.0	0.1016014452055952
	1.0280447320933093	-1.0	0.1013646688113386
	1.023316578330245	-1.0	0.10113060177963454
	1.0186101701559758	-1.0	0.10089921803138818
	1.013925407558815	-1.0	0.10067049165046978
	1.0092621909870476	-1.0	0.10044439688396314
	1.0046204213468128	-1.0	0.10022090814240275
	1.0	-1.0	0.1
